8950 89 895 101 2
0 0 77
0 1 77
0 2 77
0 3 84
0 4 77
0 5 77
0 6 77
0 7 77
0 8 97
0 9 77
1 0 23
1 10 17
1 3 23
1 11 23
1 12 22
1 13 23
1 14 28
1 5 28
1 15 26
1 16 99
2 17 0
2 18 15
2 12 0
2 5 1
2 15 15
2 19 99
2 6 19
2 8 94
2 20 0
2 9 0
3 21 89
3 22 89
3 12 89
3 13 89
3 23 89
3 5 89
3 15 89
3 8 17
3 16 89
3 24 89
4 10 89
4 25 99
4 26 20
4 2 91
4 3 20
4 27 22
4 18 20
4 16 20
4 9 20
4 24 89
5 3 0
5 28 9
5 29 1
5 13 0
5 5 1
5 19 0
5 8 0
5 16 0
5 30 0
5 24 99
6 4 25
6 28 70
6 11 25
6 14 70
6 5 24
6 15 25
6 31 25
6 8 22
6 16 70
6 32 22
7 3 20
7 33 20
7 18 20
7 34 20
7 5 20
7 19 20
7 8 22
7 16 20
7 32 89
7 35 19
8 2 14
8 18 91
8 5 99
8 15 56
8 6 22
8 8 97
8 16 99
8 9 99
8 30 99
8 35 99
9 0 41
9 3 41
9 28 41
9 29 44
9 36 41
9 18 44
9 15 44
9 19 41
9 20 41
9 9 41
10 37 1
10 3 0
10 18 15
10 23 3
10 5 1
10 19 1
10 6 1
10 31 1
10 8 1
10 9 1
11 38 89
11 2 89
11 3 89
11 29 89
11 18 89
11 5 89
11 19 89
11 6 89
11 8 89
11 20 89
12 0 67
12 10 68
12 3 68
12 11 67
12 12 65
12 13 67
12 14 68
12 5 67
12 15 56
12 16 99
13 0 43
13 39 43
13 29 43
13 40 42
13 11 43
13 13 43
13 5 43
13 7 43
13 8 42
13 9 42
14 10 0
14 13 0
14 41 0
14 5 1
14 19 0
14 42 23
14 43 22
14 8 22
14 16 23
14 32 0
15 0 41
15 3 17
15 28 55
15 29 0
15 36 55
15 18 55
15 15 0
15 19 55
15 20 19
15 9 16
16 21 19
16 44 23
16 0 23
16 26 22
16 3 23
16 12 40
16 5 22
16 8 94
16 16 23
16 9 22
17 37 92
17 38 41
17 3 21
17 11 41
17 5 44
17 42 44
17 8 97
17 16 41
17 9 44
17 45 44
18 21 54
18 3 54
18 39 58
18 11 54
18 34 54
18 12 54
18 14 54
18 31 54
18 8 54
18 16 99
19 21 3
19 44 3
19 0 9
19 26 9
19 3 88
19 12 21
19 5 99
19 8 94
19 16 99
19 9 41
20 10 22
20 25 23
20 26 22
20 2 23
20 3 25
20 27 23
20 18 25
20 16 23
20 9 25
20 24 23
21 21 48
21 3 48
21 33 48
21 11 48
21 13 48
21 5 48
21 6 48
21 8 48
21 9 48
21 30 58
22 46 22
22 3 23
22 11 51
22 12 54
22 13 23
22 5 23
22 8 22
22 16 22
22 47 99
22 9 22
23 0 85
23 3 85
23 29 85
23 17 85
23 18 85
23 13 85
23 41 85
23 43 85
23 8 98
23 16 54
24 21 91
24 44 69
24 0 69
24 26 69
24 3 69
24 12 69
24 5 69
24 8 91
24 16 77
24 9 15
25 10 0
25 3 0
25 18 0
25 11 0
25 48 95
25 5 1
25 31 0
25 8 0
25 49 0
25 9 0
26 0 41
26 2 41
26 3 41
26 29 41
26 5 41
26 19 42
26 7 44
26 8 94
26 30 41
26 24 99
27 0 27
27 1 92
27 2 27
27 3 23
27 33 22
27 29 20
27 40 16
27 12 27
27 5 20
27 8 97
28 21 48
28 44 48
28 1 48
28 29 48
28 40 46
28 11 48
28 13 48
28 5 48
28 19 48
28 9 48
29 21 20
29 50 22
29 3 89
29 18 89
29 41 89
29 5 89
29 15 89
29 8 89
29 32 89
29 9 89
30 3 67
30 33 56
30 18 67
30 34 67
30 5 67
30 19 56
30 8 56
30 16 99
30 32 65
30 35 99
31 51 32
31 3 58
31 48 99
31 5 55
31 15 51
31 19 56
31 6 51
31 8 54
31 16 99
31 45 59
32 21 88
32 0 88
32 10 88
32 33 88
32 29 99
32 18 23
32 13 88
32 6 88
32 16 88
32 9 88
33 25 17
33 3 22
33 4 21
33 18 0
33 12 17
33 5 91
33 31 56
33 8 17
33 9 0
33 24 99
34 3 92
34 4 92
34 36 91
34 13 92
34 6 92
34 42 92
34 31 92
34 8 97
34 32 92
34 30 99
35 3 23
35 29 1
35 17 19
35 11 20
35 41 22
35 5 1
35 42 0
35 8 22
35 16 19
35 20 19
36 0 99
36 37 99
36 3 99
36 33 97
36 28 55
36 29 99
36 18 84
36 14 84
36 7 99
36 8 97
37 21 55
37 22 99
37 12 22
37 13 55
37 23 23
37 5 55
37 15 55
37 8 55
37 16 99
37 24 55
38 21 0
38 0 88
38 3 88
38 39 0
38 28 88
38 29 0
38 5 0
38 15 0
38 42 0
38 8 88
39 29 1
39 18 8
39 11 8
39 13 0
39 5 0
39 15 8
39 6 0
39 8 0
39 52 0
39 32 0
40 3 49
40 34 49
40 5 49
40 15 49
40 19 44
40 6 42
40 8 50
40 32 49
40 53 49
40 9 49
41 21 35
41 0 35
41 3 31
41 18 15
41 11 35
41 13 35
41 5 16
41 42 16
41 8 35
41 16 92
42 1 69
42 3 73
42 28 32
42 18 71
42 12 69
42 5 73
42 7 30
42 8 32
42 16 69
42 54 69
43 55 69
43 26 72
43 3 72
43 28 72
43 13 72
43 31 72
43 8 72
43 16 71
43 20 72
43 9 69
44 25 69
44 29 69
44 18 69
44 11 75
44 13 72
44 5 69
44 6 72
44 16 75
44 9 69
44 30 75
45 21 97
45 25 99
45 3 88
45 17 56
45 19 41
45 6 88
45 42 55
45 8 97
45 16 99
45 56 88
46 46 21
46 37 19
46 3 21
46 29 99
46 57 99
46 13 21
46 5 99
46 43 9
46 31 16
46 8 21
47 25 90
47 29 89
47 18 90
47 11 90
47 13 90
47 5 90
47 6 90
47 16 90
47 9 89
47 30 90
48 0 19
48 3 22
48 29 24
48 17 22
48 18 24
48 13 23
48 41 22
48 43 22
48 8 22
48 16 22
49 28 26
49 29 26
49 23 23
49 5 25
49 7 26
49 8 97
49 16 22
49 32 26
49 53 26
49 30 25
50 21 49
50 1 49
50 33 49
50 29 49
50 40 49
50 5 49
50 8 49
50 16 49
50 20 49
50 9 49
51 0 55
51 26 55
51 58 55
51 59 55
51 18 55
51 11 55
51 13 55
51 8 55
51 9 55
51 24 55
52 10 49
52 37 49
52 3 49
52 29 49
52 60 49
52 61 49
52 62 49
52 6 49
52 42 49
52 32 49
53 44 41
53 25 43
53 3 43
53 11 41
53 12 16
53 13 42
53 5 41
53 8 17
53 9 43
53 30 42
54 63 22
54 0 19
54 33 19
54 29 20
54 64 19
54 12 22
54 5 20
54 8 22
54 16 22
54 20 19
55 21 90
55 3 90
55 4 90
55 28 91
55 18 90
55 11 90
55 41 79
55 5 90
55 19 90
55 16 90
56 2 4
56 3 19
56 28 69
56 18 19
56 48 2
56 5 19
56 65 16
56 8 5
56 30 19
56 54 92
57 0 54
57 38 55
57 2 54
57 3 19
57 29 20
57 11 54
57 7 20
57 8 97
57 9 20
57 66 19
58 0 41
58 37 99
58 3 88
58 11 55
58 14 17
58 19 41
58 6 88
58 8 97
58 16 99
58 9 99
59 3 89
59 23 89
59 5 89
59 15 89
59 19 17
59 8 94
59 49 89
59 9 89
59 30 99
59 35 99
60 3 88
60 29 99
60 18 41
60 13 41
60 5 99
60 19 41
60 6 88
60 42 41
60 67 45
60 9 41
61 21 49
61 10 49
61 37 49
61 26 49
61 12 49
61 13 49
61 23 49
61 19 49
61 16 49
61 30 49
62 0 20
62 3 9
62 4 19
62 36 21
62 11 20
62 5 19
62 8 97
62 16 20
62 9 19
62 24 7
63 37 41
63 2 49
63 3 49
63 68 46
63 41 50
63 15 49
63 6 56
63 43 49
63 8 49
63 16 46
64 0 60
64 38 61
64 2 60
64 3 60
64 29 60
64 11 31
64 7 61
64 8 56
64 9 56
64 66 56
65 21 19
65 0 17
65 3 19
65 39 0
65 28 93
65 29 20
65 5 20
65 15 20
65 42 20
65 8 14
66 0 23
66 26 22
66 58 23
66 59 23
66 18 22
66 11 23
66 13 23
66 8 22
66 9 25
66 24 23
67 3 19
67 29 20
67 17 48
67 11 48
67 41 46
67 5 0
67 42 0
67 8 0
67 16 46
67 20 19
68 3 32
68 28 32
68 11 32
68 41 35
68 7 51
68 42 34
68 8 97
68 16 32
68 30 54
68 24 51
69 44 3
69 25 2
69 29 99
69 36 16
69 11 21
69 7 17
69 8 21
69 9 41
69 24 21
69 35 99
70 46 0
70 37 0
70 3 0
70 29 1
70 57 0
70 13 0
70 5 0
70 43 1
70 31 0
70 8 0
71 2 89
71 18 89
71 13 89
71 41 89
71 5 89
71 19 89
71 42 89
71 16 89
71 30 89
71 35 85
72 4 19
72 29 0
72 18 19
72 57 16
72 41 17
72 14 93
72 5 19
72 8 91
72 16 22
72 9 19
73 37 99
73 3 88
73 18 41
73 23 41
73 5 99
73 19 56
73 6 41
73 31 16
73 8 94
73 9 41
74 2 94
74 11 94
74 12 94
74 13 95
74 23 94
74 69 95
74 8 95
74 32 94
74 9 95
74 70 97
75 3 88
75 41 41
75 48 99
75 5 99
75 15 41
75 6 88
75 8 97
75 16 88
75 30 99
75 35 99
76 0 40
76 1 92
76 2 58
76 3 58
76 33 56
76 29 58
76 40 99
76 12 40
76 5 58
76 8 97
77 44 22
77 25 23
77 3 25
77 11 25
77 12 70
77 13 22
77 5 22
77 8 22
77 9 25
77 30 25
78 21 88
78 3 88
78 33 41
78 11 94
78 13 88
78 5 91
78 6 88
78 8 97
78 9 22
78 30 99
79 37 99
79 2 99
79 3 21
79 33 21
79 29 99
79 64 21
79 5 99
79 8 97
79 16 9
79 9 41
80 3 26
80 11 26
80 13 22
80 5 69
80 15 25
80 19 25
80 42 26
80 31 26
80 8 97
80 16 22
81 21 74
81 3 74
81 12 74
81 5 74
81 71 11
81 15 74
81 7 52
81 43 74
81 8 52
81 16 74
82 3 15
82 29 19
82 34 17
82 19 99
82 43 19
82 31 15
82 8 69
82 16 20
82 9 69
82 66 17
83 21 89
83 0 89
83 3 89
83 29 89
83 18 89
83 14 20
83 5 89
83 6 89
83 8 97
83 32 99
84 46 0
84 3 0
84 11 0
84 12 0
84 13 0
84 5 0
84 8 0
84 16 0
84 47 0
84 9 8
85 3 19
85 4 0
85 36 0
85 13 0
85 6 0
85 42 10
85 31 0
85 8 20
85 32 0
85 30 0
86 10 32
86 37 78
86 38 98
86 26 55
86 29 55
86 48 95
86 5 99
86 15 55
86 8 97
86 9 55
87 21 32
87 72 32
87 3 32
87 34 32
87 12 32
87 23 32
87 67 32
87 8 32
87 16 32
87 9 48
88 73 91
88 55 89
88 3 89
88 29 89
88 11 89
88 41 89
88 5 89
88 15 89
88 8 89
88 16 91
89 2 9
89 18 41
89 13 41
89 41 41
89 5 99
89 19 46
89 42 41
89 16 99
89 30 48
89 35 91
90 21 41
90 0 49
90 3 49
90 17 49
90 36 41
90 5 49
90 15 49
90 8 56
90 16 99
90 9 49
91 63 0
91 0 32
91 33 32
91 29 0
91 64 1
91 12 19
91 5 0
91 8 32
91 16 32
91 20 0
92 0 41
92 1 41
92 18 41
92 11 41
92 48 99
92 7 41
92 8 97
92 16 99
92 32 41
92 56 41
93 74 92
93 2 92
93 11 92
93 12 92
93 13 19
93 23 92
93 75 10
93 8 92
93 9 16
93 70 92
94 0 48
94 3 48
94 13 48
94 5 48
94 19 56
94 6 48
94 42 48
94 8 58
94 9 48
94 30 58
95 0 17
95 29 74
95 17 17
95 11 52
95 12 17
95 13 74
95 15 74
95 31 19
95 8 17
95 9 74
96 3 48
96 34 92
96 5 48
96 15 48
96 19 48
96 6 48
96 8 48
96 32 48
96 53 48
96 9 48
97 3 89
97 28 89
97 29 87
97 13 89
97 5 89
97 19 89
97 8 89
97 16 89
97 30 89
97 24 89
98 44 3
98 10 14
98 3 21
98 18 17
98 11 21
98 5 21
98 19 14
98 76 9
98 30 99
98 24 99
99 21 23
99 33 22
99 18 15
99 12 23
99 5 22
99 42 26
99 8 27
99 16 22
99 9 26
99 24 22
100 21 23
100 3 23
100 12 22
100 5 20
100 71 22
100 15 20
100 7 22
100 43 23
100 8 22
100 16 20
101 2 23
101 3 25
101 28 23
101 18 25
101 15 25
101 6 23
101 8 22
101 20 25
101 9 25
101 24 23
102 44 49
102 25 49
102 29 49
102 36 49
102 11 49
102 7 49
102 8 49
102 9 49
102 24 49
102 35 99
103 21 88
103 50 99
103 3 88
103 39 17
103 64 23
103 12 41
103 23 88
103 5 99
103 19 41
103 8 97
104 0 38
104 39 38
104 29 93
104 40 31
104 11 38
104 13 38
104 5 93
104 7 83
104 8 38
104 9 51
105 37 99
105 3 48
105 18 48
105 23 48
105 5 48
105 19 46
105 6 48
105 31 48
105 8 48
105 9 48
106 0 23
106 3 81
106 64 23
106 36 81
106 11 23
106 12 89
106 5 20
106 8 97
106 16 27
106 24 22
107 37 32
107 26 55
107 3 55
107 18 55
107 11 55
107 5 55
107 15 55
107 42 55
107 8 40
107 54 55
108 0 0
108 3 0
108 11 89
108 23 0
108 5 1
108 6 0
108 7 89
108 8 0
108 16 89
108 54 0
109 2 55
109 3 56
109 28 0
109 29 58
109 5 58
109 19 0
109 31 56
109 8 97
109 16 99
109 54 56
110 21 25
110 72 23
110 3 25
110 34 22
110 12 23
110 23 23
110 67 23
110 8 23
110 16 23
110 9 25
111 21 54
111 22 95
111 12 54
111 13 54
111 23 59
111 5 54
111 15 54
111 8 59
111 16 54
111 24 54
112 21 97
112 50 99
112 3 23
112 39 23
112 64 23
112 12 23
112 23 23
112 5 91
112 19 22
112 8 97
113 10 89
113 29 20
113 12 89
113 23 89
113 41 89
113 5 20
113 8 96
113 16 89
113 9 89
113 24 89
114 21 41
114 10 41
114 37 44
114 26 41
114 12 41
114 13 41
114 23 91
114 19 41
114 16 91
114 30 42
115 10 58
115 25 99
115 36 58
115 23 99
115 5 29
115 7 32
115 8 97
115 16 99
115 9 58
115 24 99
116 46 56
116 37 41
116 3 88
116 29 99
116 57 99
116 13 54
116 5 99
116 43 41
116 31 56
116 8 97
117 21 99
117 22 41
117 3 88
117 29 99
117 11 41
117 12 41
117 77 41
117 8 97
117 16 99
117 56 41
118 3 88
118 28 41
118 29 99
118 13 88
118 5 99
118 19 41
118 8 94
118 16 91
118 30 99
118 24 88
119 21 29
119 37 29
119 3 29
119 28 29
119 29 25
119 23 29
119 5 27
119 15 29
119 19 29
119 8 29
120 74 94
120 2 58
120 11 59
120 12 59
120 13 59
120 23 59
120 8 92
120 47 99
120 9 41
120 70 59
121 21 52
121 0 31
121 3 74
121 17 52
121 36 30
121 5 84
121 15 84
121 8 31
121 16 74
121 9 84
122 21 15
122 55 43
122 18 42
122 11 32
122 14 41
122 42 43
122 31 32
122 8 32
122 16 32
122 30 32
123 21 23
123 55 25
123 18 25
123 11 25
123 14 25
123 42 25
123 31 25
123 8 22
123 16 23
123 30 22
124 3 55
124 28 55
124 29 55
124 13 55
124 5 55
124 19 55
124 8 55
124 16 99
124 30 55
124 24 55
125 21 17
125 29 17
125 11 17
125 13 19
125 5 17
125 19 56
125 6 88
125 8 17
125 9 19
125 24 88
126 44 69
126 3 6
126 33 0
126 18 74
126 5 1
126 42 74
126 8 73
126 56 20
126 30 0
126 24 0
127 44 54
127 25 54
127 29 50
127 36 54
127 11 51
127 7 54
127 8 54
127 9 46
127 24 51
127 35 51
128 3 0
128 33 0
128 18 15
128 34 0
128 5 0
128 19 0
128 8 0
128 16 0
128 32 0
128 35 0
129 3 48
129 28 47
129 11 47
129 41 46
129 7 47
129 42 47
129 8 46
129 16 47
129 30 47
129 24 47
130 29 0
130 40 92
130 36 0
130 41 0
130 5 0
130 15 0
130 43 1
130 8 0
130 16 0
130 9 0
131 38 17
131 2 17
131 3 0
131 29 17
131 18 15
131 5 17
131 19 17
131 6 88
131 8 97
131 20 17
132 21 30
132 3 34
132 29 96
132 17 54
132 36 59
132 18 96
132 13 54
132 41 51
132 42 96
132 8 58
133 3 88
133 4 88
133 29 99
133 64 41
133 18 41
133 11 23
133 5 99
133 19 41
133 6 88
133 16 99
134 21 48
134 10 48
134 37 48
134 78 89
134 26 48
134 3 48
134 13 48
134 5 48
134 19 48
134 16 48
135 21 88
135 0 50
135 55 41
135 3 88
135 29 99
135 5 99
135 15 41
135 6 46
135 8 94
135 16 88
136 10 33
136 18 0
136 12 0
136 41 0
136 15 0
136 19 0
136 79 0
136 8 92
136 16 32
136 9 0
137 3 41
137 17 41
137 18 44
137 11 41
137 5 45
137 19 41
137 31 44
137 20 44
137 9 44
137 24 99
138 10 4
138 38 4
138 3 4
138 13 4
138 5 19
138 6 19
138 42 19
138 8 33
138 16 4
138 9 19
139 0 23
139 3 23
139 4 23
139 36 81
139 11 23
139 5 19
139 8 22
139 16 27
139 9 28
139 24 23
140 72 48
140 10 17
140 28 48
140 18 48
140 13 48
140 5 48
140 6 48
140 8 48
140 56 48
140 9 48
141 21 89
141 25 89
141 37 99
141 33 89
141 29 89
141 57 89
141 13 89
141 5 89
141 8 97
141 9 89
142 2 40
142 3 29
142 28 56
142 18 29
142 48 95
142 5 29
142 65 28
142 8 55
142 30 40
142 54 55
143 2 67
143 3 68
143 28 56
143 18 68
143 48 56
143 5 67
143 65 99
143 8 56
143 30 65
143 54 56
144 44 58
144 55 58
144 3 58
144 29 58
144 41 58
144 5 58
144 42 58
144 8 56
144 54 56
144 24 99
145 44 41
145 3 41
145 4 41
145 29 41
145 12 41
145 41 41
145 5 41
145 43 41
145 8 41
145 9 41
146 4 19
146 28 41
146 11 48
146 14 41
146 5 99
146 15 41
146 31 56
146 8 97
146 16 48
146 32 41
147 10 49
147 25 41
147 26 41
147 2 44
147 3 3
147 27 41
147 18 44
147 16 41
147 9 44
147 24 99
148 3 88
148 29 99
148 18 41
148 13 41
148 5 99
148 19 22
148 6 41
148 42 41
148 67 55
148 9 41
149 3 19
149 28 69
149 29 26
149 17 30
149 18 26
149 11 33
149 12 20
149 8 91
149 16 13
149 9 22
150 0 70
150 26 70
150 3 70
150 4 70
150 33 70
150 12 70
150 8 97
150 16 70
150 32 70
150 9 70
151 4 21
151 28 9
151 11 21
151 14 21
151 5 21
151 15 21
151 31 19
151 8 97
151 16 19
151 32 99
152 0 25
152 26 22
152 3 25
152 33 22
152 29 24
152 18 24
152 80 23
152 14 22
152 5 22
152 62 28
153 3 19
153 28 20
153 18 20
153 11 20
153 13 20
153 5 20
153 15 20
153 42 20
153 8 19
153 32 20
154 0 28
154 3 20
154 29 20
154 11 20
154 5 20
154 15 20
154 42 20
154 8 22
154 16 20
154 9 20
155 0 60
155 39 60
155 18 1
155 11 0
155 12 0
155 61 61
155 15 0
155 6 0
155 8 0
155 56 0
156 3 20
156 28 20
156 18 20
156 11 20
156 13 20
156 5 20
156 15 20
156 42 20
156 8 19
156 32 20
157 21 90
157 10 89
157 37 89
157 26 90
157 12 90
157 13 90
157 23 90
157 19 7
157 16 90
157 30 90
158 37 0
158 3 0
158 18 15
158 23 0
158 5 0
158 19 0
158 6 0
158 31 0
158 8 0
158 9 0
159 0 17
159 3 74
159 11 0
159 23 91
159 5 74
159 6 11
159 7 0
159 8 91
159 16 0
159 54 2
160 21 32
160 2 32
160 29 32
160 18 0
160 5 0
160 15 0
160 8 32
160 16 0
160 9 0
160 45 32
161 10 88
161 22 88
161 37 41
161 18 41
161 41 41
161 5 41
161 15 41
161 8 88
161 20 41
161 24 88
162 21 88
162 0 88
162 3 88
162 17 88
162 36 91
162 5 88
162 15 88
162 8 91
162 16 99
162 9 88
163 33 25
163 29 25
163 18 25
163 13 22
163 5 22
163 19 25
163 6 22
163 42 23
163 31 25
163 8 22
164 72 55
164 38 22
164 2 55
164 3 27
164 18 51
164 11 51
164 23 23
164 19 55
164 7 22
164 8 91
165 21 44
165 50 41
165 3 37
165 18 89
165 41 44
165 5 89
165 15 89
165 8 37
165 32 41
165 9 44
166 21 57
166 1 56
166 33 56
166 29 56
166 40 56
166 5 56
166 8 56
166 16 56
166 20 56
166 9 56
167 0 0
167 3 0
167 64 0
167 36 1
167 11 1
167 12 0
167 5 0
167 8 0
167 16 0
167 24 0
168 21 20
168 50 23
168 3 20
168 18 20
168 41 20
168 5 20
168 15 20
168 8 17
168 32 20
168 9 20
169 74 91
169 2 22
169 39 17
169 11 24
169 12 24
169 13 0
169 23 23
169 8 91
169 9 24
169 70 23
170 0 93
170 3 94
170 13 92
170 5 96
170 19 96
170 6 92
170 42 99
170 8 92
170 9 23
170 30 93
171 0 0
171 3 0
171 33 0
171 36 0
171 23 0
171 5 0
171 15 0
171 7 0
171 8 0
171 24 0
172 37 11
172 38 75
172 3 82
172 11 69
172 5 75
172 42 75
172 8 75
172 16 75
172 9 75
172 45 75
173 21 90
173 38 90
173 3 90
173 18 20
173 12 20
173 5 20
173 31 0
173 8 20
173 16 89
173 9 20
174 3 67
174 29 67
174 81 56
174 11 68
174 48 99
174 5 67
174 42 67
174 8 56
174 30 67
174 35 99
175 37 99
175 2 88
175 3 88
175 68 94
175 41 16
175 15 41
175 6 88
175 43 88
175 8 97
175 16 99
176 21 41
176 33 3
176 18 41
176 12 44
176 5 99
176 42 41
176 8 56
176 16 99
176 9 41
176 24 88
177 2 23
177 3 23
177 28 19
177 18 22
177 15 25
177 6 23
177 8 22
177 20 23
177 9 22
177 24 22
178 2 81
178 3 29
178 28 89
178 18 29
178 11 89
178 34 69
178 12 29
178 5 29
178 19 29
178 9 29
179 0 54
179 22 54
179 3 54
179 33 54
179 11 54
179 5 54
179 6 54
179 8 54
179 30 54
179 82 54
180 26 81
180 3 40
180 4 81
180 60 89
180 18 89
180 11 25
180 34 93
180 6 89
180 8 97
180 9 89
181 10 15
181 29 17
181 18 17
181 11 17
181 13 17
181 14 17
181 5 17
181 8 91
181 20 17
181 9 17
182 0 48
182 26 48
182 58 48
182 59 48
182 18 48
182 11 48
182 13 48
182 8 48
182 9 48
182 24 48
183 3 23
183 41 23
183 48 23
183 5 23
183 15 25
183 6 22
183 8 23
183 16 41
183 30 99
183 35 23
184 0 0
184 10 0
184 50 0
184 3 0
184 41 0
184 19 0
184 42 0
184 8 0
184 32 0
184 30 0
185 2 95
185 36 24
185 12 95
185 5 95
185 19 95
185 6 95
185 7 30
185 8 95
185 9 95
185 24 95
186 0 23
186 3 27
186 4 19
186 29 24
186 5 24
186 31 19
186 8 22
186 30 19
186 45 23
186 66 17
187 73 85
187 55 25
187 3 25
187 29 25
187 11 85
187 41 85
187 5 22
187 15 25
187 8 22
187 16 99
188 21 0
188 25 0
188 3 24
188 17 91
188 19 20
188 6 0
188 42 89
188 8 17
188 16 0
188 56 15
189 10 9
189 18 29
189 12 29
189 41 41
189 15 29
189 19 29
189 79 29
189 8 97
189 16 99
189 9 41
190 21 97
190 55 41
190 18 41
190 11 23
190 14 41
190 42 41
190 31 19
190 8 46
190 16 88
190 30 22
191 3 21
191 28 9
191 29 21
191 18 41
191 5 99
191 31 16
191 8 97
191 16 99
191 9 41
191 24 99
192 46 51
192 37 23
192 3 30
192 29 91
192 57 96
192 13 91
192 5 91
192 43 28
192 31 27
192 8 28
193 21 17
193 25 14
193 2 30
193 3 30
193 12 31
193 5 17
193 42 17
193 8 30
193 16 30
193 9 17
194 21 54
194 3 54
194 4 54
194 28 54
194 18 54
194 11 51
194 41 51
194 5 54
194 19 55
194 16 54
195 22 27
195 1 22
195 26 17
195 3 19
195 18 19
195 12 58
195 15 19
195 43 17
195 8 97
195 16 99
196 0 85
196 2 85
196 3 85
196 29 85
196 5 85
196 19 85
196 7 85
196 8 98
196 30 85
196 24 85
197 2 16
197 3 88
197 28 41
197 18 41
197 48 99
197 5 99
197 65 99
197 8 94
197 30 88
197 54 92
198 21 91
198 3 26
198 18 26
198 41 14
198 15 26
198 6 26
198 43 91
198 8 28
198 9 26
198 54 91
199 0 25
199 11 22
199 14 91
199 5 22
199 6 26
199 8 91
199 16 22
199 9 26
199 30 25
199 24 22
200 0 25
200 10 25
200 50 22
200 3 25
200 41 22
200 19 22
200 42 69
200 8 22
200 32 72
200 30 69
201 3 88
201 18 88
201 57 99
201 12 88
201 13 88
201 19 88
201 8 28
201 16 88
201 9 88
201 45 14
202 72 27
202 10 89
202 28 20
202 18 22
202 13 23
202 5 27
202 6 23
202 8 22
202 56 23
202 9 22
203 72 99
203 0 40
203 38 99
203 23 99
203 5 55
203 42 29
203 43 99
203 8 94
203 56 29
203 9 29
204 0 0
204 38 0
204 2 0
204 3 0
204 29 1
204 11 0
204 7 0
204 8 0
204 9 0
204 66 0
205 3 86
205 23 86
205 5 86
205 15 12
205 19 12
205 8 86
205 49 12
205 9 12
205 30 85
205 35 12
206 44 19
206 25 23
206 3 23
206 11 23
206 12 23
206 13 23
206 5 22
206 8 19
206 9 19
206 30 22
207 2 40
207 3 40
207 29 54
207 14 54
207 5 54
207 6 54
207 7 54
207 31 54
207 8 54
207 30 40
208 3 22
208 28 23
208 29 0
208 18 22
208 5 22
208 31 33
208 8 91
208 16 23
208 9 25
208 24 2
209 10 54
209 38 85
209 3 86
209 13 85
209 5 85
209 6 85
209 42 85
209 8 98
209 16 98
209 9 54
210 21 94
210 10 58
210 37 99
210 26 58
210 12 54
210 13 58
210 23 54
210 19 56
210 16 99
210 30 58
211 44 3
211 3 21
211 4 21
211 29 99
211 12 21
211 41 16
211 5 99
211 43 9
211 8 94
211 9 3
212 2 44
212 3 88
212 12 41
212 41 41
212 5 99
212 15 41
212 42 41
212 8 56
212 16 99
212 9 41
213 44 42
213 3 43
213 4 43
213 29 42
213 12 35
213 41 32
213 5 41
213 43 32
213 8 59
213 9 43
214 2 25
214 36 100
214 12 91
214 5 22
214 19 25
214 6 22
214 7 0
214 8 22
214 9 25
214 24 69
215 3 55
215 41 97
215 48 55
215 5 55
215 15 55
215 6 55
215 8 55
215 16 55
215 30 55
215 35 55
216 72 41
216 10 89
216 28 41
216 18 89
216 13 89
216 5 89
216 6 89
216 8 41
216 56 41
216 9 89
217 21 99
217 10 65
217 37 99
217 78 56
217 26 49
217 3 68
217 13 67
217 5 67
217 19 46
217 16 99
218 0 2
218 3 5
218 64 9
218 36 91
218 11 9
218 12 9
218 5 69
218 8 91
218 16 2
218 24 9
219 10 33
219 3 33
219 28 32
219 11 43
219 12 32
219 13 45
219 5 41
219 15 42
219 8 97
219 9 42
220 37 22
220 2 81
220 3 81
220 68 81
220 41 81
220 15 89
220 6 23
220 43 81
220 8 22
220 16 89
221 21 22
221 22 22
221 3 23
221 29 28
221 11 28
221 12 22
221 77 25
221 8 22
221 16 22
221 56 23
222 21 49
222 10 49
222 37 49
222 78 49
222 26 49
222 3 49
222 13 49
222 5 48
222 19 49
222 16 49
223 21 17
223 26 17
223 2 41
223 3 16
223 39 0
223 12 17
223 13 17
223 23 0
223 16 16
223 30 0
224 0 32
224 39 41
224 18 1
224 11 0
224 12 17
224 61 16
224 15 0
224 6 0
224 8 17
224 56 19
225 0 48
225 26 48
225 3 48
225 33 48
225 29 48
225 18 48
225 80 46
225 14 48
225 5 48
225 62 48
226 10 25
226 4 25
226 29 25
226 11 25
226 12 26
226 80 25
226 5 26
226 42 22
226 43 22
226 8 26
227 21 97
227 0 25
227 1 25
227 28 70
227 18 22
227 11 25
227 13 22
227 23 22
227 6 70
227 8 22
228 21 91
228 0 4
228 26 2
228 3 6
228 12 6
228 23 11
228 5 20
228 6 69
228 8 91
228 9 74
229 3 46
229 33 46
229 60 46
229 36 44
229 11 46
229 5 46
229 19 46
229 8 50
229 16 47
229 9 46
230 10 89
230 25 89
230 36 89
230 23 89
230 5 20
230 7 89
230 8 97
230 16 89
230 9 20
230 24 89
231 51 21
231 3 21
231 48 3
231 5 99
231 15 41
231 19 41
231 6 88
231 8 97
231 16 9
231 45 3
232 44 23
232 55 25
232 3 23
232 29 25
232 41 23
232 5 27
232 42 25
232 8 25
232 54 92
232 24 22
233 21 94
233 44 42
233 1 56
233 29 94
233 40 94
233 11 94
233 13 94
233 5 94
233 19 95
233 9 94
234 21 32
234 3 32
234 17 32
234 18 58
234 41 32
234 48 32
234 5 58
234 15 58
234 8 58
234 16 58
235 21 49
235 25 49
235 37 49
235 33 49
235 29 49
235 57 49
235 13 49
235 5 49
235 8 30
235 9 49
236 63 85
236 0 19
236 33 20
236 29 20
236 64 19
236 12 32
236 5 14
236 8 97
236 16 32
236 20 20
237 37 92
237 26 41
237 3 41
237 18 44
237 11 41
237 5 45
237 15 44
237 42 44
237 8 41
237 54 41
238 37 11
238 3 76
238 18 75
238 23 76
238 5 76
238 19 10
238 6 76
238 31 76
238 8 76
238 9 75
239 74 74
239 2 74
239 39 84
239 11 74
239 12 74
239 13 74
239 23 74
239 8 74
239 9 74
239 70 74
240 0 89
240 3 20
240 4 89
240 29 20
240 5 20
240 31 89
240 8 0
240 30 89
240 45 89
240 66 89
241 21 9
241 1 3
241 3 9
241 29 99
241 11 9
241 34 9
241 12 9
241 13 9
241 16 9
241 9 41
242 55 0
242 26 20
242 3 19
242 28 20
242 13 20
242 31 19
242 8 91
242 16 93
242 20 13
242 9 0
243 0 89
243 3 20
243 29 89
243 18 89
243 5 89
243 8 91
243 16 89
243 30 21
243 24 89
243 35 19
244 3 0
244 60 99
244 18 74
244 11 10
244 41 17
244 5 74
244 19 30
244 8 91
244 16 0
244 35 91
245 21 89
245 0 89
245 55 89
245 3 89
245 29 89
245 5 89
245 15 89
245 6 89
245 8 89
245 16 89
246 0 57
246 29 25
246 17 22
246 11 25
246 12 22
246 13 22
246 15 25
246 31 25
246 8 22
246 9 22
247 0 0
247 3 33
247 29 1
247 11 0
247 5 0
247 15 0
247 42 0
247 8 0
247 16 0
247 9 0
248 3 0
248 41 24
248 48 22
248 5 24
248 15 25
248 6 22
248 8 24
248 16 0
248 30 22
248 35 23
249 0 32
249 1 32
249 2 33
249 3 31
249 4 33
249 5 0
249 6 32
249 7 32
249 8 91
249 9 30
250 0 22
250 1 33
250 2 22
250 3 22
250 33 22
250 29 33
250 40 98
250 12 93
250 5 24
250 8 97
251 10 23
251 37 56
251 38 22
251 26 22
251 29 25
251 48 95
251 5 22
251 15 26
251 8 22
251 9 26
252 37 99
252 26 58
252 3 57
252 18 58
252 11 58
252 5 58
252 15 58
252 42 58
252 8 58
252 54 58
253 21 0
253 10 0
253 26 0
253 3 0
253 12 0
253 41 0
253 5 0
253 15 0
253 8 0
253 16 16
254 21 23
254 3 23
254 39 24
254 11 22
254 34 22
254 12 22
254 14 22
254 31 24
254 8 91
254 16 23
255 21 1
255 1 0
255 33 0
255 29 0
255 40 42
255 5 1
255 8 92
255 16 1
255 20 0
255 9 1
256 21 23
256 0 25
256 3 25
256 29 23
256 18 23
256 14 23
256 5 23
256 6 22
256 8 17
256 32 23
257 10 30
257 22 32
257 37 30
257 18 51
257 41 33
257 5 51
257 15 51
257 8 91
257 20 91
257 24 0
258 21 76
258 0 0
258 10 0
258 33 0
258 29 1
258 18 73
258 13 0
258 6 0
258 16 0
258 9 76
259 37 13
259 55 78
259 3 74
259 29 72
259 5 72
259 62 78
259 42 78
259 8 91
259 16 91
259 9 78
260 2 0
260 36 0
260 12 91
260 5 1
260 19 0
260 6 0
260 7 0
260 8 0
260 9 0
260 24 0
261 44 17
261 72 20
261 26 21
261 3 21
261 29 20
261 5 20
261 8 19
261 9 20
261 30 20
261 24 89
262 10 19
262 13 17
262 41 16
262 5 19
262 19 41
262 42 84
262 43 19
262 8 16
262 16 89
262 32 17
263 21 41
263 83 3
263 26 3
263 33 33
263 29 42
263 11 41
263 34 42
263 41 40
263 8 41
263 16 3
264 46 88
264 3 23
264 11 23
264 12 23
264 13 23
264 5 23
264 8 28
264 16 23
264 47 23
264 9 23
265 26 48
265 3 46
265 4 48
265 5 48
265 6 48
265 43 48
265 8 48
265 16 48
265 9 48
265 24 46
266 3 48
266 29 48
266 81 46
266 11 48
266 48 48
266 5 48
266 42 48
266 8 48
266 30 48
266 35 48
267 21 52
267 29 52
267 11 51
267 13 74
267 5 52
267 19 52
267 6 52
267 8 52
267 9 52
267 24 52
268 0 41
268 26 15
268 3 88
268 33 92
268 29 88
268 18 88
268 80 88
268 14 15
268 5 88
268 62 16
269 0 27
269 10 17
269 3 26
269 33 22
269 18 23
269 13 28
269 41 17
269 5 28
269 15 23
269 8 92
270 3 24
270 29 24
270 18 15
270 13 24
270 5 24
270 19 24
270 6 24
270 42 24
270 67 24
270 9 24
271 3 19
271 14 55
271 5 55
271 15 59
271 19 55
271 6 55
271 43 99
271 8 97
271 16 99
271 30 99
272 33 56
272 29 66
272 18 66
272 13 66
272 5 66
272 19 56
272 6 59
272 42 66
272 31 65
272 8 56
273 0 89
273 1 89
273 18 89
273 11 89
273 48 89
273 7 89
273 8 89
273 16 89
273 32 89
273 56 89
274 25 89
274 3 89
274 4 21
274 18 88
274 12 89
274 5 89
274 31 56
274 8 97
274 9 89
274 24 89
275 21 0
275 33 0
275 18 15
275 12 1
275 5 0
275 42 0
275 8 0
275 16 91
275 9 0
275 24 0
276 0 55
276 39 32
276 29 92
276 40 99
276 11 92
276 13 55
276 5 92
276 7 99
276 8 97
276 9 10
277 46 59
277 84 34
277 50 54
277 3 54
277 18 54
277 11 54
277 5 54
277 42 54
277 31 54
277 9 54
278 21 99
278 0 18
278 25 99
278 26 19
278 2 18
278 3 19
278 42 19
278 8 97
278 9 19
278 30 99
279 10 23
279 38 0
279 3 28
279 60 22
279 18 23
279 12 23
279 5 1
279 19 25
279 8 97
279 16 0
280 3 33
280 29 1
280 81 30
280 11 33
280 48 30
280 5 1
280 42 51
280 8 33
280 30 33
280 35 0
281 2 19
281 3 11
281 28 11
281 18 69
281 15 74
281 6 11
281 8 91
281 20 13
281 9 74
281 24 11
282 22 51
282 1 51
282 26 51
282 3 54
282 18 51
282 12 54
282 15 51
282 43 51
282 8 54
282 16 51
283 0 9
283 1 21
283 2 21
283 3 21
283 4 21
283 5 0
283 6 14
283 7 9
283 8 17
283 9 9
284 21 88
284 0 41
284 1 41
284 28 88
284 18 41
284 11 23
284 13 88
284 23 41
284 6 46
284 8 97
285 21 3
285 0 17
285 3 13
285 39 22
285 28 88
285 29 2
285 5 28
285 15 28
285 42 22
285 8 91
286 1 0
286 3 19
286 29 48
286 18 19
286 11 19
286 13 19
286 5 48
286 42 48
286 31 19
286 8 48
287 22 22
287 3 24
287 28 59
287 29 24
287 18 24
287 34 59
287 12 59
287 14 22
287 8 97
287 9 24
288 21 55
288 29 40
288 11 55
288 13 55
288 5 55
288 19 55
288 6 55
288 8 55
288 9 40
288 24 55
289 22 9
289 3 69
289 28 70
289 29 70
289 18 70
289 34 70
289 12 70
289 14 70
289 8 69
289 9 70
290 10 72
290 29 72
290 64 72
290 12 77
290 13 77
290 19 77
290 42 72
290 43 77
290 8 77
290 9 72
291 22 99
291 1 93
291 26 93
291 3 93
291 18 96
291 12 93
291 15 96
291 43 93
291 8 97
291 16 92
292 3 19
292 11 19
292 13 20
292 5 20
292 15 20
292 19 20
292 42 20
292 31 19
292 8 91
292 16 4
293 26 14
293 3 14
293 4 20
293 60 19
293 18 19
293 11 20
293 34 93
293 6 20
293 8 14
293 9 21
294 0 49
294 3 49
294 29 49
294 17 49
294 18 49
294 13 49
294 41 46
294 43 49
294 8 46
294 16 46
295 46 89
295 3 89
295 11 89
295 12 89
295 13 89
295 5 89
295 8 32
295 16 89
295 47 89
295 9 89
296 17 19
296 18 20
296 12 89
296 5 20
296 15 20
296 19 19
296 6 88
296 8 94
296 20 19
296 9 20
297 44 74
297 25 74
297 3 74
297 11 74
297 12 74
297 13 74
297 5 74
297 8 74
297 9 74
297 30 74
298 46 48
298 25 48
298 2 48
298 3 88
298 29 48
298 40 92
298 18 48
298 13 48
298 5 48
298 8 97
299 3 48
299 33 33
299 60 42
299 36 32
299 11 42
299 5 42
299 19 33
299 8 97
299 16 22
299 9 42
300 21 0
300 3 20
300 12 1
300 5 1
300 71 0
300 15 74
300 7 0
300 43 1
300 8 97
300 16 0
301 44 3
301 25 2
301 29 99
301 36 88
301 11 9
301 7 14
301 8 97
301 9 41
301 24 88
301 35 99
302 21 55
302 0 55
302 3 55
302 39 55
302 28 55
302 29 55
302 5 55
302 15 55
302 42 55
302 8 55
303 74 31
303 2 30
303 11 31
303 12 31
303 13 31
303 23 31
303 8 31
303 47 30
303 9 19
303 70 31
304 0 25
304 37 93
304 2 22
304 4 25
304 29 25
304 18 25
304 16 22
304 9 25
304 30 25
304 24 23
305 0 0
305 26 0
305 3 0
305 4 0
305 33 0
305 12 0
305 8 0
305 16 0
305 32 0
305 9 0
306 21 92
306 1 20
306 33 20
306 29 14
306 40 97
306 5 14
306 8 92
306 16 91
306 20 19
306 9 89
307 10 48
307 29 48
307 12 48
307 23 46
307 41 46
307 5 48
307 8 46
307 16 46
307 9 46
307 24 46
308 2 55
308 3 55
308 28 93
308 29 99
308 5 55
308 19 56
308 31 65
308 8 56
308 16 99
308 54 56
309 21 74
309 0 19
309 25 74
309 26 19
309 2 74
309 3 74
309 42 19
309 8 52
309 9 14
309 30 74
310 3 19
310 28 16
310 11 23
310 41 16
310 7 19
310 42 19
310 8 97
310 16 99
310 30 99
310 24 99
311 21 95
311 38 91
311 3 26
311 18 26
311 12 33
311 5 24
311 31 22
311 8 97
311 16 25
311 9 26
312 2 22
312 3 26
312 29 20
312 14 73
312 5 14
312 6 73
312 7 97
312 31 98
312 8 91
312 30 87
313 0 52
313 10 74
313 50 52
313 3 74
313 41 11
313 19 52
313 42 74
313 8 52
313 32 74
313 30 74
314 22 13
314 37 13
314 3 12
314 60 86
314 19 12
314 42 12
314 8 97
314 16 12
314 9 0
314 24 91
315 0 17
315 1 0
315 18 74
315 11 73
315 48 95
315 7 0
315 8 91
315 16 5
315 32 6
315 56 0
316 0 17
316 37 13
316 3 20
316 33 89
316 28 20
316 29 20
316 18 20
316 14 20
316 7 89
316 8 91
317 21 0
317 25 73
317 3 24
317 17 73
317 19 13
317 6 22
317 42 69
317 8 91
317 16 5
317 56 5
318 21 89
318 3 89
318 29 89
318 11 89
318 34 69
318 15 89
318 19 89
318 16 89
318 85 89
318 9 89
319 21 42
319 38 23
319 3 26
319 18 26
319 12 25
319 5 22
319 31 23
319 8 22
319 16 51
319 9 26
320 10 19
320 25 17
320 36 88
320 23 19
320 5 0
320 7 19
320 8 16
320 16 22
320 9 19
320 24 88
321 21 0
321 2 0
321 29 0
321 18 15
321 5 0
321 15 0
321 8 0
321 16 0
321 9 0
321 45 0
322 3 48
322 28 46
322 29 48
322 17 46
322 18 48
322 11 48
322 12 48
322 8 48
322 16 46
322 9 46
323 3 89
323 28 23
323 29 89
323 13 89
323 5 69
323 19 56
323 8 22
323 16 89
323 30 89
323 24 89
324 37 92
324 26 15
324 3 88
324 18 15
324 11 41
324 5 16
324 15 15
324 42 15
324 8 97
324 54 41
325 0 41
325 3 41
325 29 44
325 17 44
325 18 44
325 13 65
325 41 44
325 43 41
325 8 59
325 16 41
326 3 69
326 29 69
326 17 69
326 11 69
326 15 77
326 7 69
326 79 69
326 42 69
326 8 97
326 16 69
327 10 49
327 38 49
327 3 49
327 13 49
327 5 49
327 6 49
327 42 49
327 8 48
327 16 49
327 9 49
328 21 16
328 0 44
328 3 16
328 29 16
328 18 16
328 14 16
328 5 16
328 6 16
328 8 16
328 32 16
329 10 91
329 3 89
329 28 89
329 11 89
329 12 89
329 13 89
329 5 24
329 15 26
329 8 97
329 9 89
330 0 19
330 3 19
330 29 20
330 17 17
330 18 20
330 13 20
330 41 16
330 43 1
330 8 14
330 16 20
331 2 0
331 18 89
331 13 20
331 41 17
331 5 1
331 19 20
331 42 95
331 16 0
331 30 96
331 35 0
332 21 55
332 0 55
332 10 33
332 33 51
332 29 33
332 18 32
332 13 34
332 6 33
332 16 34
332 9 34
333 0 27
333 3 27
333 4 23
333 29 27
333 18 23
333 11 20
333 12 23
333 5 27
333 8 22
333 24 27
334 0 20
334 26 20
334 3 19
334 33 20
334 29 20
334 18 20
334 80 19
334 14 19
334 5 20
334 62 20
335 0 77
335 3 69
335 17 69
335 11 69
335 5 69
335 7 99
335 43 69
335 8 97
335 16 69
335 56 69
336 1 3
336 3 20
336 29 14
336 36 17
336 23 19
336 5 20
336 8 17
336 20 20
336 30 20
336 24 32
337 2 3
337 3 19
337 28 41
337 18 41
337 15 41
337 6 23
337 8 97
337 20 17
337 9 41
337 24 99
338 37 11
338 2 77
338 3 77
338 33 77
338 29 77
338 64 77
338 5 69
338 8 77
338 16 77
338 9 77
339 0 76
339 3 19
339 17 19
339 11 19
339 5 74
339 7 0
339 43 13
339 8 91
339 16 91
339 56 93
340 0 17
340 26 20
340 3 89
340 4 20
340 33 20
340 12 19
340 8 91
340 16 20
340 32 20
340 9 20
341 0 21
341 3 21
341 33 20
341 36 91
341 23 91
341 5 20
341 15 20
341 7 20
341 8 91
341 24 21
342 0 20
342 3 19
342 11 20
342 23 91
342 5 20
342 6 20
342 7 0
342 8 91
342 16 14
342 54 5
343 51 59
343 3 57
343 48 95
343 5 58
343 15 32
343 19 30
343 6 58
343 8 58
343 16 59
343 45 58
344 21 41
344 3 88
344 33 88
344 11 48
344 13 88
344 5 48
344 6 88
344 8 88
344 9 41
344 30 99
345 22 21
345 3 9
345 28 9
345 29 21
345 18 9
345 34 20
345 12 21
345 14 21
345 8 88
345 9 9
346 21 54
346 83 54
346 26 54
346 33 52
346 29 74
346 11 54
346 34 54
346 41 54
346 8 54
346 16 54
347 72 0
347 10 0
347 26 0
347 33 0
347 29 1
347 18 15
347 41 0
347 43 1
347 8 0
347 16 99
348 3 81
348 28 54
348 29 43
348 11 53
348 5 53
348 42 53
348 8 94
348 32 53
348 9 53
348 30 54
349 3 7
349 29 1
349 34 7
349 19 8
349 43 7
349 31 0
349 8 0
349 16 0
349 9 7
349 66 0
350 10 32
350 37 99
350 3 43
350 29 32
350 60 43
350 61 45
350 62 42
350 6 34
350 42 43
350 32 42
351 3 29
351 4 9
351 29 55
351 64 9
351 18 29
351 11 29
351 5 55
351 19 29
351 6 2
351 16 29
352 74 99
352 2 65
352 11 67
352 12 59
352 13 67
352 23 56
352 8 56
352 47 67
352 9 56
352 70 56
353 2 21
353 3 0
353 28 21
353 29 0
353 5 0
353 19 21
353 31 21
353 8 0
353 16 21
353 54 0
354 26 14
354 3 0
354 4 19
354 5 22
354 6 91
354 43 14
354 8 91
354 16 22
354 9 22
354 24 25
355 0 55
355 3 55
355 4 55
355 29 55
355 18 55
355 11 55
355 12 55
355 5 55
355 8 55
355 24 55
356 10 23
356 37 93
356 3 23
356 29 25
356 60 22
356 61 22
356 62 97
356 6 22
356 42 22
356 32 22
357 21 99
357 10 0
357 37 99
357 78 0
357 26 0
357 3 0
357 13 0
357 5 1
357 19 0
357 16 0
358 46 69
358 25 69
358 2 69
358 3 69
358 29 69
358 40 69
358 18 23
358 13 69
358 5 69
358 8 92
359 86 54
359 22 22
359 3 23
359 39 23
359 13 23
359 5 27
359 19 22
359 7 22
359 8 22
359 9 22
360 3 33
360 14 15
360 5 0
360 15 15
360 19 92
360 6 19
360 43 19
360 8 33
360 16 32
360 30 0
361 21 56
361 0 67
361 3 68
361 18 68
361 11 68
361 13 67
361 5 67
361 42 68
361 8 56
361 16 99
362 0 35
362 22 32
362 3 35
362 33 35
362 11 32
362 5 20
362 6 0
362 8 32
362 30 0
362 82 35
363 10 54
363 13 54
363 41 93
363 5 54
363 19 32
363 42 54
363 43 54
363 8 54
363 16 54
363 32 54
364 0 89
364 3 90
364 4 89
364 29 89
364 5 89
364 31 89
364 8 90
364 30 89
364 45 89
364 66 89
365 21 91
365 44 69
365 1 69
365 29 77
365 40 99
365 11 69
365 13 69
365 5 69
365 19 84
365 9 10
366 37 0
366 38 0
366 3 0
366 11 0
366 5 1
366 42 0
366 8 0
366 16 0
366 9 0
366 45 0
367 21 0
367 3 46
367 39 1
367 11 46
367 34 46
367 12 1
367 14 9
367 31 0
367 8 46
367 16 46
368 44 69
368 0 69
368 37 22
368 26 69
368 2 13
368 18 69
368 5 69
368 15 69
368 7 75
368 8 13
369 2 0
369 11 1
369 12 0
369 13 0
369 23 0
369 69 0
369 8 6
369 32 1
369 9 1
369 70 6
370 10 29
370 29 25
370 12 29
370 23 91
370 41 29
370 5 23
370 8 91
370 16 29
370 9 25
370 24 25
371 1 20
371 3 19
371 29 20
371 36 91
371 23 19
371 5 20
371 8 0
371 20 20
371 30 20
371 24 19
372 0 33
372 3 48
372 4 33
372 29 48
372 18 48
372 11 33
372 12 33
372 5 48
372 8 48
372 24 30
373 0 0
373 37 93
373 2 0
373 4 0
373 29 1
373 18 0
373 16 0
373 9 0
373 30 0
373 24 0
374 44 20
374 72 14
374 26 0
374 3 20
374 29 20
374 5 20
374 8 0
374 9 20
374 30 20
374 24 20
375 72 0
375 38 0
375 2 0
375 3 20
375 18 20
375 11 33
375 23 33
375 19 0
375 7 0
375 8 0
376 21 50
376 44 46
376 1 50
376 29 50
376 40 69
376 11 25
376 13 50
376 5 50
376 19 46
376 9 46
377 21 97
377 22 99
377 25 99
377 3 88
377 28 41
377 12 55
377 5 99
377 19 41
377 8 97
377 24 99
378 0 89
378 1 89
378 18 88
378 11 89
378 48 89
378 7 89
378 8 89
378 16 89
378 32 89
378 56 89
379 0 51
379 10 4
379 3 52
379 11 51
379 12 51
379 13 51
379 14 51
379 5 51
379 15 51
379 16 51
380 0 93
380 39 32
380 29 93
380 40 93
380 11 93
380 13 93
380 5 93
380 7 93
380 8 91
380 9 93
381 10 0
381 37 0
381 3 0
381 29 1
381 60 0
381 61 7
381 62 0
381 6 0
381 42 0
381 32 0
382 0 0
382 3 0
382 28 9
382 29 1
382 36 7
382 18 15
382 15 0
382 19 0
382 20 0
382 9 0
383 3 25
383 33 22
383 60 25
383 36 23
383 11 25
383 5 23
383 19 23
383 8 23
383 16 23
383 9 22
384 0 67
384 3 68
384 64 59
384 36 56
384 11 68
384 12 56
384 5 67
384 8 56
384 16 99
384 24 99
385 0 25
385 37 22
385 2 23
385 4 25
385 29 25
385 18 25
385 16 22
385 9 25
385 30 25
385 24 23
386 46 7
386 37 99
386 3 7
386 29 99
386 57 99
386 13 7
386 5 99
386 43 9
386 31 9
386 8 97
387 21 23
387 0 23
387 3 23
387 17 23
387 36 23
387 5 91
387 15 28
387 8 97
387 16 99
387 9 28
388 28 41
388 29 41
388 23 41
388 5 41
388 7 41
388 8 41
388 16 99
388 32 41
388 53 41
388 30 41
389 21 91
389 55 17
389 3 56
389 28 56
389 81 51
389 13 17
389 5 17
389 42 17
389 8 57
389 16 57
390 44 51
390 10 46
390 3 43
390 18 46
390 11 48
390 5 48
390 19 48
390 76 30
390 30 48
390 24 51
391 0 49
391 29 49
391 17 49
391 11 49
391 12 65
391 13 49
391 15 49
391 31 49
391 8 49
391 9 49
392 1 16
392 3 88
392 29 99
392 18 41
392 11 9
392 13 9
392 5 99
392 42 41
392 31 16
392 8 97
393 21 88
393 0 41
393 25 46
393 26 50
393 2 50
393 3 88
393 42 41
393 8 97
393 9 41
393 30 99
394 29 48
394 18 48
394 11 48
394 13 48
394 5 48
394 15 48
394 6 48
394 8 97
394 52 48
394 32 48
395 10 17
395 38 88
395 3 88
395 13 88
395 5 88
395 6 88
395 42 41
395 8 97
395 16 99
395 9 88
396 2 78
396 18 78
396 5 78
396 15 78
396 6 78
396 8 91
396 16 69
396 9 78
396 30 78
396 35 78
397 0 88
397 37 99
397 3 88
397 33 42
397 28 41
397 29 88
397 18 41
397 14 41
397 7 41
397 8 97
398 72 22
398 10 25
398 28 23
398 18 25
398 13 23
398 5 22
398 6 22
398 8 22
398 56 23
398 9 25
399 2 25
399 3 25
399 28 23
399 29 25
399 5 27
399 19 25
399 31 25
399 8 22
399 16 22
399 54 25
400 29 99
400 18 18
400 11 58
400 13 58
400 5 18
400 15 18
400 6 16
400 8 97
400 52 58
400 32 99
401 3 88
401 60 42
401 18 41
401 11 23
401 41 41
401 5 99
401 19 41
401 8 94
401 16 88
401 35 99
402 3 88
402 4 23
402 29 99
402 64 22
402 18 23
402 11 23
402 5 22
402 19 41
402 6 88
402 16 88
403 21 99
403 37 99
403 3 68
403 28 56
403 29 67
403 23 56
403 5 67
403 15 56
403 19 56
403 8 56
404 10 89
404 37 89
404 38 94
404 26 89
404 29 56
404 48 89
404 5 56
404 15 58
404 8 89
404 9 56
405 21 13
405 3 13
405 18 19
405 41 13
405 15 21
405 6 7
405 43 91
405 8 7
405 9 13
405 54 21
406 10 12
406 37 12
406 38 0
406 26 12
406 29 20
406 48 95
406 5 20
406 15 74
406 8 91
406 9 74
407 44 17
407 3 88
407 33 41
407 18 41
407 5 99
407 42 41
407 8 97
407 56 88
407 30 41
407 24 99
408 2 0
408 3 0
408 12 1
408 41 0
408 5 0
408 15 10
408 42 0
408 8 0
408 16 0
408 9 0
409 55 41
409 26 17
409 3 19
409 28 41
409 13 88
409 31 19
409 8 97
409 16 99
409 20 19
409 9 41
410 0 84
410 39 84
410 18 69
410 11 84
410 12 69
410 61 13
410 15 84
410 6 2
410 8 91
410 56 91
411 63 22
411 0 22
411 33 22
411 29 25
411 64 24
411 12 23
411 5 28
411 8 28
411 16 22
411 20 28
412 0 40
412 26 29
412 3 29
412 4 29
412 33 56
412 12 40
412 8 97
412 16 99
412 32 99
412 9 29
413 21 97
413 3 88
413 17 17
413 18 41
413 41 41
413 48 99
413 5 99
413 15 41
413 8 94
413 16 99
414 0 48
414 37 46
414 3 48
414 33 48
414 28 48
414 29 48
414 18 48
414 14 48
414 7 48
414 8 48
415 21 97
415 2 99
415 29 22
415 18 15
415 5 91
415 15 28
415 8 97
415 16 22
415 9 22
415 45 23
416 21 29
416 0 89
416 26 29
416 3 29
416 12 29
416 23 29
416 5 29
416 6 29
416 8 97
416 9 29
417 46 81
417 84 57
417 50 98
417 3 98
417 18 57
417 11 81
417 5 99
417 42 99
417 31 98
417 9 57
418 44 41
418 55 57
418 3 98
418 29 12
418 41 99
418 5 99
418 42 99
418 8 98
418 54 52
418 24 99
419 2 54
419 11 54
419 12 54
419 13 54
419 23 54
419 69 54
419 8 54
419 32 54
419 9 54
419 70 54
420 44 46
420 25 46
420 3 46
420 11 47
420 12 46
420 13 46
420 5 43
420 8 46
420 9 43
420 30 47
421 21 40
421 1 29
421 3 29
421 29 29
421 11 29
421 34 92
421 12 41
421 13 41
421 16 29
421 9 29
422 10 89
422 37 29
422 38 69
422 26 29
422 29 20
422 48 99
422 5 20
422 15 20
422 8 97
422 9 20
423 2 48
423 3 33
423 28 33
423 18 48
423 11 33
423 34 30
423 12 91
423 5 48
423 19 33
423 9 48
424 74 0
424 2 0
424 11 33
424 12 0
424 13 0
424 23 33
424 8 0
424 47 0
424 9 0
424 70 33
425 2 61
425 36 57
425 12 35
425 5 43
425 19 58
425 6 43
425 7 35
425 8 56
425 9 43
425 24 56
426 0 41
426 1 41
426 2 28
426 3 88
426 4 28
426 5 91
426 6 41
426 7 17
426 8 97
426 9 17
427 0 0
427 3 0
427 4 0
427 29 1
427 18 15
427 11 1
427 12 0
427 5 0
427 8 0
427 24 0
428 28 73
428 29 20
428 23 85
428 5 20
428 7 74
428 8 22
428 16 73
428 32 20
428 53 91
428 30 19
429 21 23
429 25 23
429 2 22
429 3 23
429 12 23
429 5 22
429 42 23
429 8 22
429 16 22
429 9 23
430 3 93
430 4 93
430 29 93
430 64 37
430 18 96
430 11 93
430 5 93
430 19 31
430 6 93
430 16 37
431 0 97
431 37 99
431 3 97
431 11 93
431 14 93
431 19 99
431 6 92
431 8 97
431 16 93
431 9 92
432 1 21
432 3 88
432 28 3
432 18 41
432 12 21
432 5 99
432 7 99
432 8 21
432 16 21
432 54 92
433 0 0
433 3 0
433 4 0
433 36 8
433 11 8
433 5 0
433 8 8
433 16 0
433 9 0
433 24 0
434 3 31
434 29 31
434 17 32
434 11 32
434 41 32
434 5 0
434 42 0
434 8 32
434 16 32
434 20 32
435 74 89
435 2 89
435 11 89
435 12 89
435 13 89
435 23 89
435 8 89
435 47 89
435 9 89
435 70 89
436 21 99
436 55 74
436 3 74
436 28 52
436 81 52
436 13 74
436 5 52
436 42 74
436 8 97
436 16 74
437 21 10
437 55 76
437 3 76
437 28 76
437 81 10
437 13 0
437 5 76
437 42 76
437 8 97
437 16 76
438 2 72
438 18 72
438 5 69
438 15 72
438 6 69
438 8 77
438 16 77
438 9 72
438 30 0
438 35 79
439 21 0
439 1 0
439 3 0
439 29 16
439 11 0
439 34 0
439 12 0
439 13 0
439 16 0
439 9 15
440 26 56
440 3 56
440 4 56
440 60 100
440 18 59
440 11 56
440 34 30
440 6 56
440 8 56
440 9 56
441 21 21
441 38 14
441 3 14
441 18 19
441 12 14
441 5 21
441 31 21
441 8 4
441 16 21
441 9 21
442 21 97
442 50 41
442 3 49
442 39 46
442 64 41
442 12 41
442 23 41
442 5 49
442 19 46
442 8 97
443 33 56
443 29 67
443 18 68
443 13 67
443 5 67
443 19 56
443 6 56
443 42 67
443 31 65
443 8 56
444 0 65
444 3 65
444 17 65
444 11 65
444 5 65
444 7 99
444 43 65
444 8 56
444 16 65
444 56 56
445 55 17
445 26 19
445 3 93
445 28 93
445 13 17
445 31 0
445 8 97
445 16 93
445 20 19
445 9 17
446 25 32
446 3 31
446 4 31
446 18 0
446 12 32
446 5 1
446 31 32
446 8 32
446 9 0
446 24 30
447 3 24
447 60 50
447 18 24
447 11 50
447 41 46
447 5 24
447 19 50
447 8 24
447 16 46
447 35 99
448 10 48
448 29 48
448 64 48
448 12 97
448 13 48
448 19 33
448 42 48
448 43 91
448 8 48
448 9 48
449 44 17
449 3 29
449 33 41
449 18 29
449 5 55
449 42 29
449 8 97
449 56 29
449 30 99
449 24 99
450 3 25
450 29 91
450 34 93
450 19 91
450 43 22
450 31 25
450 8 97
450 16 51
450 9 97
450 66 91
451 0 90
451 3 90
451 4 90
451 36 90
451 11 90
451 5 90
451 8 90
451 16 90
451 9 90
451 24 89
452 2 0
452 3 0
452 28 0
452 29 1
452 5 0
452 19 0
452 31 1
452 8 0
452 16 1
452 54 0
453 37 92
453 38 17
453 3 18
453 11 18
453 5 1
453 42 18
453 8 17
453 16 19
453 9 18
453 45 19
454 21 32
454 26 9
454 2 3
454 3 9
454 39 3
454 12 3
454 13 9
454 23 9
454 16 3
454 30 40
455 22 95
455 37 13
455 3 25
455 60 28
455 19 27
455 42 28
455 8 0
455 16 22
455 9 28
455 24 22
456 50 49
456 29 49
456 34 46
456 41 65
456 19 46
456 8 49
456 16 37
456 32 50
456 9 49
456 30 49
457 21 85
457 3 85
457 29 85
457 17 85
457 36 85
457 18 85
457 13 85
457 41 85
457 42 85
457 8 98
458 21 46
458 22 46
458 25 46
458 3 46
458 28 46
458 12 46
458 5 46
458 19 46
458 8 46
458 24 46
459 21 25
459 10 91
459 26 25
459 3 22
459 12 91
459 41 15
459 5 22
459 15 26
459 8 91
459 16 29
460 2 48
460 3 48
460 29 48
460 14 48
460 5 48
460 6 48
460 7 48
460 31 48
460 8 48
460 30 48
461 10 89
461 3 88
461 28 88
461 11 85
461 12 89
461 13 89
461 5 99
461 15 41
461 8 97
461 9 41
462 21 23
462 1 0
462 3 20
462 29 1
462 11 22
462 34 22
462 12 1
462 13 20
462 16 22
462 9 20
463 0 86
463 1 86
463 2 86
463 3 9
463 33 12
463 29 86
463 40 12
463 12 86
463 5 86
463 8 86
464 10 89
464 38 23
464 3 88
464 60 19
464 18 19
464 12 20
464 5 21
464 19 20
464 8 17
464 16 27
465 72 24
465 10 22
465 26 57
465 33 24
465 29 25
465 18 15
465 41 57
465 43 24
465 8 22
465 16 57
466 10 0
466 3 0
466 18 74
466 11 0
466 48 0
466 5 74
466 31 0
466 8 74
466 49 0
466 9 84
467 0 21
467 3 4
467 29 21
467 11 21
467 5 21
467 15 21
467 42 21
467 8 97
467 16 14
467 9 21
468 0 41
468 39 23
468 18 41
468 11 41
468 12 41
468 61 3
468 15 41
468 6 41
468 8 97
468 56 41
469 21 35
469 26 35
469 2 35
469 3 35
469 39 35
469 12 35
469 13 35
469 23 32
469 16 35
469 30 35
470 3 46
470 28 58
470 29 46
470 17 58
470 18 46
470 11 58
470 12 32
470 8 46
470 16 47
470 9 46
471 3 18
471 17 17
471 18 18
471 11 17
471 5 0
471 19 19
471 31 91
471 20 19
471 9 18
471 24 99
472 21 25
472 38 23
472 3 25
472 18 25
472 12 23
472 5 22
472 31 25
472 8 22
472 16 23
472 9 25
473 3 18
473 23 19
473 5 0
473 15 19
473 19 0
473 8 19
473 49 19
473 9 19
473 30 18
473 35 19
474 37 13
474 55 0
474 3 0
474 29 1
474 5 1
474 62 0
474 42 19
474 8 91
474 16 0
474 9 14
475 72 48
475 38 48
475 2 48
475 3 48
475 18 48
475 11 48
475 23 48
475 19 48
475 7 48
475 8 48
476 21 51
476 0 53
476 3 48
476 18 53
476 11 53
476 13 53
476 5 53
476 42 53
476 8 30
476 16 53
477 10 0
477 18 74
477 12 20
477 41 17
477 15 74
477 19 0
477 79 93
477 8 0
477 16 0
477 9 0
478 21 46
478 29 46
478 11 46
478 13 46
478 5 46
478 19 46
478 6 46
478 8 46
478 9 46
478 24 46
479 0 25
479 26 23
479 58 22
479 59 23
479 18 27
479 11 23
479 13 23
479 8 22
479 9 25
479 24 23
480 0 25
480 10 23
480 3 23
480 33 25
480 18 23
480 13 100
480 41 22
480 5 22
480 15 25
480 8 22
481 21 97
481 22 99
481 12 97
481 13 69
481 23 91
481 5 69
481 15 69
481 8 97
481 16 77
481 24 99
482 10 32
482 29 48
482 18 48
482 11 48
482 13 48
482 14 48
482 5 48
482 8 46
482 20 48
482 9 48
483 0 74
483 10 74
483 3 74
483 11 74
483 12 11
483 13 74
483 14 74
483 5 74
483 15 74
483 16 74
484 3 29
484 28 29
484 18 29
484 11 29
484 13 29
484 5 1
484 15 29
484 42 0
484 8 29
484 32 29
485 21 50
485 25 46
485 37 41
485 33 46
485 29 46
485 57 46
485 13 46
485 5 50
485 8 46
485 9 46
486 2 23
486 36 23
486 12 23
486 5 23
486 19 23
486 6 22
486 7 23
486 8 23
486 9 25
486 24 23
487 3 25
487 29 25
487 17 23
487 11 25
487 41 23
487 5 22
487 42 23
487 8 22
487 16 23
487 20 25
488 21 44
488 22 41
488 3 41
488 29 45
488 11 41
488 12 41
488 77 41
488 8 41
488 16 41
488 56 44
489 4 49
489 28 49
489 11 49
489 14 49
489 5 49
489 15 49
489 31 49
489 8 49
489 16 49
489 32 49
490 21 59
490 83 56
490 26 59
490 33 61
490 29 58
490 11 61
490 34 61
490 41 56
490 8 56
490 16 59
491 21 44
491 0 41
491 26 41
491 3 41
491 12 44
491 23 42
491 5 45
491 6 44
491 8 41
491 9 44
492 3 89
492 29 89
492 34 69
492 19 89
492 43 89
492 31 89
492 8 89
492 16 89
492 9 89
492 66 81
493 22 0
493 83 0
493 3 0
493 4 0
493 29 1
493 12 1
493 5 0
493 6 0
493 8 0
493 30 0
494 3 48
494 29 48
494 18 48
494 13 48
494 23 48
494 41 16
494 5 48
494 8 48
494 16 99
494 24 99
495 72 28
495 10 23
495 26 22
495 33 22
495 29 25
495 18 23
495 41 22
495 43 25
495 8 22
495 16 22
496 21 48
496 0 48
496 1 30
496 28 48
496 18 48
496 11 48
496 13 48
496 23 46
496 6 48
496 8 48
497 21 88
497 3 88
497 29 88
497 11 88
497 34 41
497 15 88
497 19 17
497 16 89
497 85 17
497 9 88
498 3 25
498 18 25
498 57 22
498 12 23
498 13 23
498 19 22
498 8 22
498 16 23
498 9 25
498 45 23
499 3 55
499 29 40
499 18 55
499 13 55
499 23 40
499 41 40
499 5 55
499 8 97
499 16 99
499 24 99
500 21 41
500 55 41
500 18 41
500 11 23
500 14 41
500 42 41
500 31 56
500 8 97
500 16 88
500 30 99
501 87 0
501 2 0
501 11 0
501 12 0
501 13 0
501 23 0
501 6 0
501 42 0
501 8 92
501 9 17
502 10 17
502 29 1
502 64 0
502 12 0
502 13 89
502 19 20
502 42 89
502 43 1
502 8 91
502 9 89
503 21 32
503 25 33
503 2 40
503 3 32
503 12 32
503 5 51
503 42 0
503 8 91
503 16 32
503 9 32
504 3 48
504 18 48
504 57 33
504 12 58
504 13 48
504 19 46
504 8 48
504 16 58
504 9 48
504 45 48
505 3 21
505 17 14
505 18 19
505 11 52
505 5 21
505 19 32
505 31 11
505 20 21
505 9 19
505 24 52
506 21 0
506 3 0
506 12 1
506 5 1
506 71 0
506 15 0
506 7 0
506 43 1
506 8 97
506 16 0
507 87 51
507 2 51
507 11 51
507 12 51
507 13 51
507 23 91
507 6 51
507 42 92
507 8 51
507 9 51
508 10 2
508 22 95
508 37 5
508 18 19
508 41 9
508 5 14
508 15 19
508 8 97
508 20 9
508 24 12
509 3 29
509 60 55
509 18 29
509 11 29
509 41 35
509 5 29
509 19 35
509 8 94
509 16 35
509 35 91
510 10 73
510 3 73
510 18 73
510 11 57
510 48 73
510 5 73
510 31 56
510 8 73
510 49 91
510 9 73
511 21 69
511 22 69
511 25 69
511 3 69
511 28 75
511 12 69
511 5 69
511 19 89
511 8 69
511 24 69
512 55 20
512 28 20
512 29 20
512 5 20
512 6 20
512 7 20
512 31 19
512 8 28
512 16 20
512 9 20
513 0 17
513 1 0
513 2 0
513 3 0
513 4 33
513 5 20
513 6 69
513 7 13
513 8 91
513 9 14
514 10 9
514 25 2
514 36 92
514 23 23
514 5 99
514 7 17
514 8 97
514 16 99
514 9 41
514 24 29
515 74 49
515 2 49
515 11 49
515 12 49
515 13 49
515 23 49
515 75 49
515 8 49
515 9 49
515 70 46
516 44 69
516 0 69
516 37 22
516 26 15
516 2 79
516 18 69
516 5 20
516 15 74
516 7 69
516 8 73
517 3 23
517 28 23
517 29 23
517 18 25
517 5 23
517 31 23
517 8 22
517 16 22
517 9 25
517 24 23
518 26 48
518 3 46
518 4 48
518 5 48
518 6 48
518 43 48
518 8 48
518 16 46
518 9 48
518 24 48
519 21 54
519 3 19
519 18 54
519 41 54
519 15 54
519 6 54
519 43 54
519 8 54
519 9 54
519 54 54
520 3 6
520 29 1
520 18 6
520 13 0
520 5 0
520 19 8
520 6 0
520 42 6
520 67 0
520 9 0
521 3 49
521 29 49
521 34 46
521 19 49
521 43 49
521 31 49
521 8 49
521 16 46
521 9 49
521 66 49
522 3 19
522 34 0
522 5 16
522 15 15
522 19 16
522 6 0
522 8 97
522 32 0
522 53 0
522 9 15
523 21 0
523 1 0
523 33 0
523 29 1
523 40 0
523 5 0
523 8 0
523 16 0
523 20 0
523 9 69
524 21 99
524 55 58
524 3 56
524 28 58
524 81 58
524 13 58
524 5 58
524 42 58
524 8 58
524 16 58
525 2 58
525 3 58
525 29 58
525 14 58
525 5 58
525 6 58
525 7 58
525 31 56
525 8 58
525 30 58
526 21 94
526 3 94
526 4 94
526 28 95
526 18 94
526 11 94
526 41 94
526 5 94
526 19 92
526 16 94
527 2 84
527 3 75
527 28 84
527 18 69
527 48 72
527 5 69
527 65 75
527 8 75
527 30 75
527 54 75
528 74 91
528 2 23
528 11 23
528 12 88
528 13 88
528 23 88
528 75 23
528 8 23
528 9 23
528 70 23
529 0 23
529 2 21
529 3 21
529 29 20
529 5 23
529 19 21
529 7 26
529 8 14
529 30 14
529 24 23
530 28 25
530 29 26
530 23 91
530 5 22
530 7 0
530 8 91
530 16 25
530 32 25
530 53 25
530 30 25
531 21 59
531 29 54
531 11 54
531 13 54
531 5 54
531 19 54
531 6 59
531 8 54
531 9 54
531 24 51
532 29 55
532 40 55
532 36 55
532 41 55
532 5 55
532 15 55
532 43 99
532 8 55
532 16 99
532 9 55
533 72 92
533 10 32
533 28 32
533 18 15
533 13 16
533 5 1
533 6 32
533 8 92
533 56 92
533 9 15
534 26 88
534 3 88
534 4 88
534 60 42
534 18 41
534 11 88
534 34 41
534 6 88
534 8 88
534 9 41
535 74 91
535 2 99
535 39 23
535 11 23
535 12 69
535 13 41
535 23 88
535 8 99
535 9 41
535 70 99
536 22 0
536 37 13
536 3 0
536 60 0
536 19 0
536 42 10
536 8 97
536 16 0
536 9 10
536 24 0
537 55 41
537 28 41
537 29 99
537 5 99
537 6 41
537 7 41
537 31 16
537 8 94
537 16 99
537 9 41
538 50 92
538 29 55
538 34 92
538 41 29
538 19 17
538 8 94
538 16 99
538 32 99
538 9 29
538 30 99
539 3 23
539 17 14
539 18 9
539 11 21
539 5 21
539 19 17
539 31 91
539 20 14
539 9 3
539 24 99
540 0 41
540 38 21
540 2 99
540 3 88
540 29 99
540 11 23
540 7 2
540 8 97
540 9 41
540 66 19
541 25 89
541 29 89
541 18 88
541 11 89
541 13 89
541 5 89
541 6 89
541 16 89
541 9 89
541 30 89
542 3 86
542 28 54
542 18 12
542 11 98
542 13 85
542 5 86
542 15 12
542 42 12
542 8 98
542 32 85
543 50 17
543 29 99
543 34 41
543 41 41
543 19 17
543 8 94
543 16 99
543 32 99
543 9 41
543 30 99
544 21 56
544 55 67
544 18 67
544 11 65
544 14 67
544 42 67
544 31 65
544 8 56
544 16 99
544 30 67
545 29 1
545 88 1
545 18 0
545 11 0
545 14 1
545 5 0
545 6 0
545 8 0
545 56 0
545 30 0
546 10 20
546 29 20
546 18 20
546 11 20
546 13 20
546 14 20
546 5 20
546 8 91
546 20 20
546 9 20
547 4 40
547 29 40
547 18 40
547 57 16
547 41 40
547 14 40
547 5 40
547 8 94
547 16 22
547 9 40
548 21 91
548 3 19
548 12 17
548 5 85
548 71 87
548 15 85
548 7 97
548 43 91
548 8 97
548 16 93
549 72 33
549 10 33
549 26 33
549 33 32
549 29 33
549 18 32
549 41 32
549 43 33
549 8 33
549 16 32
550 0 33
550 29 33
550 17 32
550 11 33
550 12 33
550 13 32
550 15 33
550 31 33
550 8 33
550 9 33
551 21 91
551 33 32
551 18 32
551 12 32
551 5 32
551 42 32
551 8 91
551 16 32
551 9 32
551 24 32
552 21 97
552 25 99
552 3 76
552 17 75
552 19 29
552 6 76
552 42 76
552 8 98
552 16 75
552 56 29
553 3 49
553 60 46
553 18 49
553 11 40
553 41 16
553 5 49
553 19 49
553 8 46
553 16 46
553 35 99
554 44 17
554 0 33
554 3 33
554 4 33
554 28 17
554 29 33
554 41 17
554 5 33
554 42 32
554 8 96
555 2 47
555 11 33
555 12 33
555 13 47
555 23 33
555 69 33
555 8 91
555 32 33
555 9 47
555 70 30
556 10 58
556 29 40
556 64 40
556 12 40
556 13 40
556 19 33
556 42 40
556 43 40
556 8 91
556 9 40
557 0 40
557 1 57
557 18 40
557 11 56
557 48 95
557 7 40
557 8 40
557 16 32
557 32 40
557 56 93
558 21 49
558 1 49
558 3 32
558 29 49
558 11 49
558 34 46
558 12 49
558 13 49
558 16 49
558 9 49
559 72 32
559 2 32
559 29 42
559 15 42
559 19 30
559 8 40
559 16 32
559 9 43
559 30 40
559 24 32
560 10 19
560 25 0
560 26 0
560 2 0
560 3 0
560 27 19
560 18 15
560 16 0
560 9 0
560 24 0
561 10 30
561 13 30
561 41 17
561 5 30
561 19 34
561 42 34
561 43 34
561 8 97
561 16 34
561 32 38
562 21 97
562 37 99
562 3 77
562 28 69
562 29 77
562 23 97
562 5 77
562 15 77
562 19 99
562 8 97
563 3 68
563 11 67
563 13 67
563 5 67
563 15 56
563 19 56
563 42 67
563 31 65
563 8 56
563 16 99
564 3 0
564 34 0
564 5 1
564 15 0
564 19 0
564 6 0
564 8 0
564 32 0
564 53 0
564 9 0
565 37 31
565 2 50
565 29 46
565 18 46
565 41 30
565 19 31
565 7 87
565 42 46
565 43 87
565 8 46
566 46 41
566 84 15
566 50 99
566 3 88
566 18 41
566 11 23
566 5 99
566 42 41
566 31 16
566 9 41
567 72 14
567 2 21
567 29 20
567 15 19
567 19 20
567 8 19
567 16 20
567 9 20
567 30 20
567 24 89
568 21 48
568 0 48
568 3 48
568 39 48
568 28 48
568 29 48
568 5 48
568 15 48
568 42 48
568 8 48
569 0 88
569 3 19
569 29 99
569 11 23
569 5 99
569 15 41
569 42 41
569 8 97
569 16 99
569 9 41
570 63 0
570 0 0
570 33 0
570 29 1
570 64 1
570 12 1
570 5 0
570 8 0
570 16 0
570 20 0
571 10 97
571 4 92
571 29 33
571 11 33
571 12 92
571 80 92
571 5 32
571 42 33
571 43 97
571 8 97
572 44 33
572 10 33
572 3 33
572 18 33
572 11 33
572 5 33
572 19 33
572 76 32
572 30 33
572 24 99
573 1 20
573 3 20
573 28 20
573 18 20
573 12 20
573 5 14
573 7 14
573 8 97
573 16 99
573 54 92
574 33 30
574 29 33
574 18 33
574 13 30
574 5 32
574 19 30
574 6 30
574 42 33
574 31 30
574 8 30
575 72 98
575 0 95
575 38 93
575 23 92
575 5 91
575 42 91
575 43 98
575 8 97
575 56 98
575 9 17
576 1 37
576 3 37
576 29 54
576 36 54
576 23 54
576 5 37
576 8 54
576 20 54
576 30 37
576 24 99
577 50 30
577 29 33
577 34 93
577 41 33
577 19 30
577 8 91
577 16 30
577 32 30
577 9 32
577 30 33
578 3 7
578 23 17
578 5 7
578 15 7
578 19 7
578 8 94
578 49 7
578 9 7
578 30 7
578 35 99
579 0 17
579 26 17
579 58 55
579 59 32
579 18 34
579 11 17
579 13 34
579 8 97
579 9 34
579 24 99
580 21 88
580 0 89
580 10 89
580 33 88
580 29 89
580 18 88
580 13 88
580 6 88
580 16 88
580 9 89
581 73 54
581 55 33
581 3 33
581 29 33
581 11 33
581 41 33
581 5 33
581 15 33
581 8 54
581 16 32
582 3 33
582 14 33
582 5 33
582 15 33
582 19 33
582 6 33
582 43 33
582 8 33
582 16 0
582 30 33
583 3 32
583 28 30
583 11 33
583 41 33
583 7 0
583 42 32
583 8 30
583 16 30
583 30 30
583 24 30
584 44 33
584 3 32
584 4 33
584 29 32
584 12 91
584 41 32
584 5 32
584 43 91
584 8 91
584 9 32
585 72 30
585 37 13
585 26 30
585 29 32
585 5 32
585 6 30
585 43 91
585 8 91
585 16 91
585 30 33
586 2 74
586 18 74
586 13 74
586 41 74
586 5 11
586 19 74
586 42 74
586 16 74
586 30 74
586 35 21
587 1 89
587 3 89
587 29 20
587 36 89
587 23 89
587 5 20
587 8 17
587 20 20
587 30 20
587 24 89
588 2 30
588 11 30
588 12 30
588 13 30
588 23 30
588 69 30
588 8 30
588 32 30
588 9 30
588 70 30
589 1 30
589 3 48
589 29 48
589 18 48
589 11 33
589 13 48
589 5 48
589 42 48
589 31 48
589 8 48
590 3 0
590 28 0
590 11 0
590 41 0
590 7 0
590 42 0
590 8 9
590 16 9
590 30 0
590 24 21
591 1 41
591 3 25
591 29 22
591 36 22
591 23 23
591 5 27
591 8 22
591 20 23
591 30 25
591 24 22
592 21 40
592 2 32
592 29 31
592 18 58
592 5 32
592 15 58
592 8 59
592 16 89
592 9 56
592 45 49
593 0 32
593 37 99
593 2 40
593 4 40
593 29 32
593 18 40
593 16 32
593 9 40
593 30 32
593 24 99
594 22 32
594 83 30
594 3 33
594 4 33
594 29 33
594 12 91
594 5 32
594 6 30
594 8 30
594 30 33
595 37 41
595 55 28
595 3 26
595 29 25
595 5 22
595 62 97
595 42 23
595 8 92
595 16 25
595 9 22
596 0 19
596 38 0
596 2 0
596 3 19
596 29 33
596 11 19
596 7 0
596 8 19
596 9 19
596 66 19
597 3 4
597 41 3
597 48 3
597 5 3
597 15 3
597 6 3
597 8 3
597 16 1
597 30 4
597 35 6
598 2 24
598 18 26
598 13 26
598 41 22
598 5 25
598 19 25
598 42 15
598 16 22
598 30 23
598 35 25
599 21 4
599 2 3
599 29 3
599 18 4
599 5 4
599 15 4
599 8 6
599 16 36
599 9 6
599 45 6
600 21 32
600 55 40
600 3 32
600 28 32
600 81 33
600 13 30
600 5 32
600 42 40
600 8 97
600 16 32
601 37 41
601 55 44
601 3 41
601 29 45
601 5 45
601 62 44
601 42 44
601 8 41
601 16 41
601 9 44
602 21 41
602 0 41
602 25 23
602 26 22
602 2 25
602 3 88
602 42 22
602 8 23
602 9 22
602 30 22
603 0 89
603 3 89
603 33 89
603 36 87
603 23 85
603 5 89
603 15 89
603 7 89
603 8 89
603 24 89
604 0 19
604 3 20
604 29 21
604 18 89
604 5 21
604 8 92
604 16 19
604 30 19
604 24 19
604 35 19
605 0 89
605 10 89
605 3 89
605 11 89
605 12 89
605 13 89
605 14 84
605 5 89
605 15 89
605 16 91
606 37 35
606 2 35
606 29 54
606 18 54
606 41 32
606 19 35
606 7 32
606 42 54
606 43 51
606 8 54
607 44 20
607 0 0
607 37 93
607 26 69
607 2 0
607 18 20
607 5 1
607 15 20
607 7 0
607 8 0
608 4 0
608 29 0
608 18 15
608 57 0
608 41 0
608 14 0
608 5 0
608 8 0
608 16 0
608 9 0
609 0 37
609 29 4
609 17 13
609 11 4
609 12 2
609 13 37
609 15 4
609 31 1
609 8 6
609 9 6
610 10 32
610 25 32
610 36 58
610 23 91
610 5 35
610 7 32
610 8 40
610 16 32
610 9 30
610 24 34
611 3 35
611 29 35
611 17 35
611 11 35
611 15 35
611 7 35
611 79 35
611 42 35
611 8 91
611 16 0
612 0 37
612 10 37
612 50 37
612 3 37
612 41 37
612 19 37
612 42 37
612 8 37
612 32 37
612 30 37
613 0 9
613 3 21
613 13 9
613 5 99
613 19 41
613 6 14
613 42 41
613 8 94
613 9 41
613 30 99
614 0 9
614 3 9
614 29 9
614 11 9
614 5 9
614 15 9
614 42 9
614 8 97
614 16 99
614 9 9
615 37 99
615 2 19
615 3 18
615 33 19
615 29 1
615 64 19
615 5 1
615 8 19
615 16 99
615 9 19
616 21 40
616 3 58
616 29 99
616 11 58
616 34 30
616 15 40
616 19 34
616 16 99
616 85 40
616 9 40
617 17 55
617 18 29
617 12 91
617 5 29
617 15 29
617 19 32
617 6 99
617 8 97
617 20 32
617 9 29
618 3 41
618 28 41
618 29 41
618 18 41
618 5 41
618 31 16
618 8 97
618 16 99
618 9 41
618 24 99
619 10 37
619 29 5
619 18 74
619 11 37
619 13 37
619 14 37
619 5 5
619 8 37
619 20 37
619 9 37
620 21 20
620 22 20
620 25 89
620 3 89
620 28 20
620 12 19
620 5 20
620 19 20
620 8 97
620 24 89
621 46 7
621 84 7
621 50 7
621 3 7
621 18 7
621 11 7
621 5 7
621 42 7
621 31 7
621 9 7
622 72 99
622 0 33
622 38 99
622 23 33
622 5 33
622 42 33
622 43 17
622 8 94
622 56 17
622 9 33
623 51 32
623 3 13
623 48 95
623 5 4
623 15 5
623 19 32
623 6 0
623 8 91
623 16 13
623 45 0
624 21 37
624 3 37
624 17 37
624 18 37
624 41 37
624 48 37
624 5 37
624 15 37
624 8 37
624 16 37
625 29 29
625 88 32
625 18 29
625 11 29
625 14 29
625 5 29
625 6 29
625 8 97
625 56 29
625 30 99
626 21 61
626 22 56
626 12 61
626 13 61
626 23 56
626 5 61
626 15 58
626 8 35
626 16 99
626 24 40
627 44 73
627 72 11
627 26 11
627 3 11
627 29 11
627 5 11
627 8 97
627 9 77
627 30 11
627 24 11
628 3 9
628 29 9
628 81 9
628 11 9
628 48 99
628 5 9
628 42 2
628 8 3
628 30 9
628 35 9
629 87 10
629 2 10
629 11 10
629 12 10
629 13 10
629 23 10
629 6 10
629 42 10
629 8 21
629 9 10
630 21 48
630 0 89
630 3 48
630 29 48
630 18 89
630 14 48
630 5 89
630 6 48
630 8 48
630 32 48
631 37 0
631 2 0
631 29 1
631 18 15
631 41 0
631 19 0
631 7 0
631 42 0
631 43 1
631 8 0
632 3 13
632 17 13
632 18 15
632 11 33
632 5 13
632 19 32
632 31 0
632 20 13
632 9 0
632 24 99
633 72 33
633 2 33
633 29 33
633 15 33
633 19 33
633 8 32
633 16 93
633 9 33
633 30 33
633 24 32
634 0 0
634 3 0
634 64 1
634 36 91
634 11 33
634 12 17
634 5 1
634 8 92
634 16 0
634 24 0
635 21 33
635 10 33
635 37 32
635 78 33
635 26 97
635 3 22
635 13 22
635 5 33
635 19 33
635 16 25
636 0 91
636 22 95
636 3 91
636 33 20
636 11 9
636 5 74
636 6 2
636 8 97
636 30 95
636 82 9
637 46 9
637 3 9
637 11 9
637 12 9
637 13 9
637 5 9
637 8 97
637 16 9
637 47 21
637 9 9
638 3 74
638 33 9
638 18 9
638 34 54
638 5 9
638 19 9
638 8 94
638 16 9
638 32 54
638 35 99
639 2 19
639 18 40
639 5 40
639 15 40
639 6 2
639 8 9
639 16 9
639 9 40
639 30 2
639 35 14
640 10 22
640 18 91
640 12 17
640 41 17
640 15 69
640 19 17
640 79 91
640 8 97
640 16 23
640 9 17
641 37 92
641 26 2
641 3 9
641 18 2
641 11 21
641 5 9
641 15 9
641 42 9
641 8 97
641 54 21
642 21 9
642 3 9
642 33 9
642 11 9
642 13 9
642 5 9
642 6 9
642 8 97
642 9 9
642 30 9
643 22 32
643 37 31
643 3 32
643 60 31
643 19 30
643 42 80
643 8 52
643 16 30
643 9 80
643 24 91
644 21 44
644 0 44
644 3 44
644 18 44
644 11 44
644 13 44
644 5 45
644 42 44
644 8 41
644 16 51
645 3 32
645 34 93
645 5 32
645 15 32
645 19 32
645 6 30
645 8 30
645 32 30
645 53 32
645 9 32
646 0 77
646 3 77
646 11 77
646 23 92
646 5 2
646 6 77
646 7 97
646 8 97
646 16 69
646 54 2
647 0 35
647 3 92
647 4 35
647 29 4
647 18 4
647 11 35
647 12 17
647 5 4
647 8 17
647 24 17
648 74 94
648 2 88
648 11 23
648 12 19
648 13 88
648 23 41
648 75 88
648 8 99
648 9 41
648 70 99
649 10 9
649 4 3
649 29 9
649 11 9
649 12 9
649 80 3
649 5 9
649 42 9
649 43 9
649 8 3
650 72 9
650 37 3
650 26 9
650 29 10
650 5 10
650 6 49
650 43 9
650 8 88
650 16 99
650 30 99
651 0 48
651 39 35
651 18 48
651 11 48
651 12 35
651 61 46
651 15 48
651 6 48
651 8 35
651 56 48
652 37 99
652 2 88
652 3 88
652 33 88
652 29 99
652 64 59
652 5 99
652 8 88
652 16 99
652 9 41
653 3 21
653 4 19
653 36 21
653 13 9
653 6 17
653 42 9
653 31 9
653 8 97
653 32 99
653 30 99
654 3 32
654 14 32
654 5 32
654 15 32
654 19 30
654 6 32
654 43 32
654 8 32
654 16 32
654 30 32
655 29 86
655 18 12
655 11 86
655 13 86
655 5 86
655 15 12
655 6 12
655 8 19
655 52 12
655 32 86
656 17 32
656 18 32
656 12 55
656 5 32
656 15 32
656 19 32
656 6 99
656 8 94
656 20 32
656 9 32
657 0 35
657 3 35
657 17 35
657 11 35
657 5 32
657 7 32
657 43 32
657 8 91
657 16 32
657 56 35
658 26 41
658 3 89
658 18 89
658 12 89
658 23 99
658 14 20
658 15 89
658 7 89
658 8 94
658 9 89
659 21 2
659 37 93
659 3 11
659 28 6
659 29 11
659 23 91
659 5 11
659 15 77
659 19 10
659 8 91
660 3 48
660 14 48
660 5 48
660 15 48
660 19 48
660 6 48
660 43 48
660 8 46
660 16 46
660 30 48
661 10 58
661 22 99
661 37 17
661 18 40
661 41 40
661 5 40
661 15 32
661 8 97
661 20 19
661 24 88
662 10 56
662 38 54
662 3 37
662 60 99
662 18 37
662 12 55
662 5 31
662 19 31
662 8 54
662 16 99
663 73 31
663 55 15
663 3 31
663 29 31
663 11 31
663 41 31
663 5 31
663 15 15
663 8 31
663 16 30
664 72 3
664 37 3
664 26 3
664 29 3
664 5 3
664 6 3
664 43 3
664 8 3
664 16 3
664 30 41
665 72 35
665 37 19
665 26 35
665 29 35
665 5 35
665 6 35
665 43 35
665 8 92
665 16 30
665 30 35
666 21 99
666 0 41
666 3 88
666 29 99
666 18 41
666 14 41
666 5 99
666 6 17
666 8 97
666 32 41
667 21 97
667 3 0
667 29 9
667 17 0
667 36 8
667 18 15
667 13 8
667 41 8
667 42 9
667 8 8
668 0 0
668 11 9
668 14 9
668 5 9
668 6 9
668 8 97
668 16 0
668 9 9
668 30 2
668 24 2
669 3 0
669 18 15
669 57 0
669 12 0
669 13 0
669 19 0
669 8 9
669 16 0
669 9 0
669 45 0
670 21 91
670 44 3
670 0 0
670 26 0
670 3 7
670 12 0
670 5 0
670 8 7
670 16 7
670 9 2
671 21 23
671 3 23
671 17 23
671 18 22
671 41 23
671 48 23
671 5 22
671 15 23
671 8 92
671 16 22
672 21 73
672 26 73
672 2 69
672 3 73
672 39 73
672 12 73
672 13 73
672 23 73
672 16 13
672 30 73
673 21 3
673 25 2
673 2 3
673 3 88
673 12 3
673 5 9
673 42 9
673 8 94
673 16 99
673 9 9
674 21 13
674 0 13
674 25 6
674 26 13
674 2 13
674 3 13
674 42 81
674 8 13
674 9 13
674 30 13
675 0 33
675 22 99
675 3 40
675 33 33
675 11 33
675 5 40
675 6 33
675 8 33
675 30 33
675 82 32
676 0 9
676 37 99
676 3 97
676 11 9
676 14 9
676 19 40
676 6 9
676 8 97
676 16 9
676 9 9
677 21 88
677 0 88
677 55 9
677 3 9
677 29 9
677 5 9
677 15 3
677 6 88
677 8 94
677 16 9
678 37 99
678 2 3
678 3 9
678 33 88
678 29 9
678 64 17
678 5 9
678 8 97
678 16 99
678 9 9
679 10 9
679 29 11
679 12 9
679 23 9
679 41 9
679 5 11
679 8 97
679 16 9
679 9 9
679 24 9
680 3 56
680 29 56
680 17 69
680 11 69
680 15 56
680 7 56
680 79 56
680 42 56
680 8 56
680 16 69
681 38 89
681 2 20
681 3 20
681 29 20
681 18 20
681 5 20
681 19 20
681 6 20
681 8 20
681 20 20
682 21 99
682 72 91
682 3 21
682 34 2
682 12 21
682 23 99
682 67 21
682 8 97
682 16 99
682 9 9
683 21 48
683 3 48
683 4 48
683 28 46
683 18 48
683 11 48
683 41 48
683 5 48
683 19 33
683 16 46
684 22 99
684 1 16
684 26 40
684 3 40
684 18 40
684 12 40
684 15 40
684 43 58
684 8 97
684 16 99
685 0 48
685 3 48
685 4 48
685 29 48
685 5 48
685 31 48
685 8 48
685 30 48
685 45 48
685 66 47
686 10 15
686 38 3
686 3 10
686 60 2
686 18 69
686 12 11
686 5 9
686 19 21
686 8 17
686 16 9
687 29 40
687 40 92
687 36 40
687 41 40
687 5 40
687 15 40
687 43 99
687 8 94
687 16 99
687 9 40
688 1 41
688 3 23
688 28 9
688 18 9
688 12 3
688 5 9
688 7 9
688 8 97
688 16 99
688 54 15
689 3 1
689 28 35
689 29 35
689 11 35
689 5 35
689 42 1
689 8 35
689 32 1
689 9 1
689 30 35
690 10 9
690 29 9
690 18 9
690 11 9
690 13 9
690 14 9
690 5 9
690 8 9
690 20 9
690 9 9
691 21 23
691 3 25
691 29 23
691 11 25
691 34 23
691 15 25
691 19 25
691 16 23
691 85 23
691 9 23
692 55 40
692 28 56
692 29 40
692 5 40
692 6 41
692 7 99
692 31 56
692 8 97
692 16 29
692 9 40
693 0 78
693 37 11
693 3 0
693 33 0
693 28 78
693 29 99
693 18 77
693 14 78
693 7 0
693 8 97
694 3 32
694 33 33
694 18 40
694 34 56
694 5 32
694 19 32
694 8 40
694 16 32
694 32 40
694 35 32
695 21 22
695 22 22
695 3 80
695 29 25
695 11 33
695 12 22
695 77 27
695 8 97
695 16 25
695 56 15
696 0 0
696 3 0
696 28 23
696 29 1
696 36 0
696 18 15
696 15 0
696 19 0
696 20 0
696 9 0
697 22 22
697 3 23
697 28 23
697 29 25
697 18 22
697 34 22
697 12 22
697 14 23
697 8 22
697 9 22
698 10 7
698 4 0
698 29 4
698 11 6
698 12 91
698 80 4
698 5 4
698 42 4
698 43 2
698 8 3
699 10 13
699 3 0
699 18 0
699 11 33
699 48 95
699 5 1
699 31 0
699 8 0
699 49 13
699 9 0
700 0 67
700 10 68
700 3 89
700 33 56
700 18 68
700 13 67
700 41 56
700 5 67
700 15 56
700 8 56
701 10 54
701 3 40
701 18 40
701 11 32
701 48 32
701 5 40
701 31 56
701 8 97
701 49 40
701 9 40
702 22 99
702 3 88
702 28 41
702 29 99
702 18 41
702 34 42
702 12 41
702 14 41
702 8 97
702 9 41
703 0 32
703 11 32
703 14 32
703 5 32
703 6 32
703 8 32
703 16 99
703 9 32
703 30 32
703 24 32
704 21 99
704 3 32
704 4 33
704 28 56
704 18 58
704 11 33
704 41 99
704 5 32
704 19 33
704 16 99
705 44 33
705 55 33
705 3 33
705 29 33
705 41 33
705 5 33
705 42 33
705 8 33
705 54 33
705 24 33
706 21 6
706 0 4
706 26 6
706 3 6
706 12 6
706 23 9
706 5 6
706 6 6
706 8 6
706 9 6
707 44 21
707 0 21
707 37 93
707 26 21
707 2 30
707 18 19
707 5 21
707 15 21
707 7 97
707 8 97
708 55 9
708 26 9
708 3 9
708 28 9
708 13 9
708 31 9
708 8 9
708 16 2
708 20 9
708 9 3
709 1 49
709 3 49
709 29 49
709 18 49
709 11 49
709 13 49
709 5 49
709 42 49
709 31 49
709 8 49
710 26 9
710 3 9
710 18 15
710 12 9
710 23 9
710 14 9
710 15 9
710 7 9
710 8 23
710 9 9
711 33 8
711 29 9
711 18 5
711 13 9
711 5 9
711 19 8
711 6 20
711 42 9
711 31 9
711 8 8
712 55 32
712 28 30
712 29 33
712 5 32
712 6 30
712 7 97
712 31 30
712 8 91
712 16 30
712 9 32
713 10 97
713 37 92
713 3 97
713 29 40
713 60 97
713 61 32
713 62 97
713 6 97
713 42 97
713 32 97
714 44 20
714 55 20
714 3 32
714 29 20
714 41 14
714 5 20
714 42 20
714 8 96
714 54 20
714 24 99
715 0 30
715 10 30
715 3 30
715 33 95
715 18 32
715 13 30
715 41 17
715 5 32
715 15 32
715 8 91
716 21 30
716 0 30
716 1 69
716 28 30
716 18 32
716 11 33
716 13 30
716 23 33
716 6 30
716 8 30
717 10 32
717 4 32
717 29 32
717 11 32
717 12 33
717 80 91
717 5 32
717 42 40
717 43 32
717 8 32
718 3 43
718 4 40
718 29 42
718 64 16
718 18 42
718 11 17
718 5 41
718 19 41
718 6 17
718 16 41
719 0 89
719 39 89
719 29 89
719 40 89
719 11 89
719 13 89
719 5 89
719 7 89
719 8 89
719 9 89
720 21 0
720 50 0
720 3 0
720 18 0
720 41 0
720 5 32
720 15 0
720 8 0
720 32 0
720 9 0
721 0 32
721 3 35
721 13 35
721 5 32
721 19 35
721 6 32
721 42 32
721 8 35
721 9 35
721 30 35
722 21 42
722 3 0
722 18 42
722 41 40
722 15 41
722 6 32
722 43 32
722 8 92
722 9 42
722 54 42
723 72 9
723 0 9
723 38 9
723 23 3
723 5 9
723 42 9
723 43 9
723 8 9
723 56 23
723 9 9
724 2 9
724 18 9
724 5 9
724 15 9
724 6 9
724 8 9
724 16 9
724 9 9
724 30 9
724 35 9
725 3 35
725 18 35
725 57 35
725 12 35
725 13 30
725 19 35
725 8 59
725 16 59
725 9 35
725 45 35
726 21 49
726 22 46
726 3 49
726 29 49
726 11 49
726 12 46
726 77 49
726 8 46
726 16 46
726 56 49
727 10 37
727 25 37
727 26 37
727 2 37
727 3 40
727 27 16
727 18 1
727 16 37
727 9 1
727 24 31
728 74 93
728 2 93
728 11 92
728 12 32
728 13 58
728 23 58
728 75 93
728 8 93
728 9 16
728 70 32
729 72 3
729 38 21
729 2 21
729 3 9
729 18 69
729 11 21
729 23 21
729 19 21
729 7 2
729 8 21
730 86 31
730 22 31
730 3 37
730 39 37
730 13 1
730 5 37
730 19 0
730 7 37
730 8 1
730 9 37
731 0 32
731 10 32
731 50 32
731 3 32
731 41 32
731 19 32
731 42 6
731 8 32
731 32 32
731 30 32
732 37 79
732 38 89
732 3 85
732 11 89
732 5 85
732 42 85
732 8 89
732 16 89
732 9 85
732 45 85
733 29 2
733 88 96
733 18 95
733 11 22
733 14 99
733 5 95
733 6 94
733 8 96
733 56 22
733 30 99
734 74 92
734 2 92
734 39 17
734 11 92
734 12 32
734 13 55
734 23 99
734 8 92
734 9 16
734 70 99
735 0 9
735 3 9
735 33 9
735 36 34
735 23 40
735 5 9
735 15 9
735 7 32
735 8 56
735 24 99
736 74 92
736 2 0
736 39 1
736 11 1
736 12 40
736 13 0
736 23 38
736 8 92
736 9 38
736 70 99
737 46 91
737 84 81
737 50 22
737 3 81
737 18 9
737 11 12
737 5 9
737 42 9
737 31 2
737 9 9
738 44 32
738 3 32
738 33 32
738 18 40
738 5 32
738 42 40
738 8 97
738 56 32
738 30 32
738 24 32
739 21 97
739 0 69
739 1 3
739 28 9
739 18 9
739 11 21
739 13 9
739 23 9
739 6 9
739 8 21
740 21 0
740 3 0
740 39 1
740 11 33
740 34 93
740 12 91
740 14 93
740 31 91
740 8 96
740 16 32
741 0 54
741 2 48
741 3 48
741 29 48
741 5 48
741 19 48
741 7 59
741 8 97
741 30 54
741 24 48
742 46 56
742 25 66
742 2 65
742 3 66
742 29 66
742 40 93
742 18 66
742 13 66
742 5 66
742 8 56
743 21 97
743 50 99
743 3 9
743 39 9
743 64 9
743 12 9
743 23 9
743 5 7
743 19 9
743 8 97
744 21 32
744 72 53
744 3 32
744 34 53
744 12 53
744 23 53
744 67 53
744 8 30
744 16 53
744 9 53
745 22 95
745 83 2
745 3 69
745 4 10
745 29 2
745 12 93
745 5 2
745 6 9
745 8 98
745 30 69
746 3 9
746 29 9
746 18 15
746 13 9
746 23 9
746 41 9
746 5 9
746 8 9
746 16 9
746 24 11
747 21 10
747 44 69
747 0 69
747 26 69
747 3 69
747 12 4
747 5 10
747 8 91
747 16 92
747 9 15
748 2 20
748 3 89
748 28 89
748 18 20
748 11 19
748 34 93
748 12 89
748 5 20
748 19 20
748 9 20
749 3 19
749 23 91
749 5 9
749 15 9
749 19 17
749 8 17
749 49 13
749 9 9
749 30 0
749 35 19
750 21 40
750 3 9
750 29 11
750 17 9
750 36 9
750 18 74
750 13 9
750 41 40
750 42 74
750 8 9
751 21 99
751 3 67
751 33 56
751 11 68
751 13 67
751 5 67
751 6 56
751 8 56
751 9 56
751 30 67
752 25 30
752 29 33
752 18 33
752 11 33
752 13 32
752 5 33
752 6 33
752 16 32
752 9 32
752 30 32
753 21 32
753 0 32
753 10 30
753 33 32
753 29 40
753 18 32
753 13 32
753 6 32
753 16 32
753 9 40
754 44 54
754 0 54
754 3 32
754 4 54
754 28 32
754 29 54
754 41 32
754 5 32
754 42 32
754 8 54
755 44 3
755 10 9
755 3 9
755 18 2
755 11 21
755 5 9
755 19 21
755 76 5
755 30 99
755 24 99
756 21 32
756 10 32
756 26 32
756 3 40
756 12 32
756 41 40
756 5 59
756 15 58
756 8 40
756 16 91
757 10 32
757 38 33
757 3 32
757 13 32
757 5 33
757 6 33
757 42 33
757 8 97
757 16 99
757 9 33
758 44 51
758 3 54
758 4 54
758 29 54
758 12 54
758 41 51
758 5 54
758 43 54
758 8 54
758 9 54
759 38 3
759 2 4
759 3 4
759 29 3
759 18 3
759 5 3
759 19 3
759 6 3
759 8 3
759 20 3
760 44 37
760 72 56
760 26 56
760 3 65
760 29 0
760 5 0
760 8 97
760 9 6
760 30 6
760 24 99
761 44 58
761 0 59
761 3 57
761 4 59
761 28 59
761 29 59
761 41 59
761 5 59
761 42 59
761 8 56
762 72 33
762 38 33
762 2 33
762 3 33
762 18 32
762 11 33
762 23 32
762 19 33
762 7 33
762 8 33
763 44 2
763 0 5
763 3 5
763 4 5
763 28 3
763 29 4
763 41 0
763 5 4
763 42 4
763 8 5
764 46 29
764 25 99
764 2 92
764 3 29
764 29 55
764 40 93
764 18 29
764 13 29
764 5 55
764 8 97
765 21 98
765 3 96
765 17 0
765 18 40
765 41 32
765 48 32
765 5 32
765 15 40
765 8 98
765 16 32
766 0 40
766 3 0
766 29 35
766 18 0
766 5 35
766 8 40
766 16 1
766 30 0
766 24 1
766 35 99
767 21 10
767 37 3
767 3 76
767 28 76
767 29 10
767 23 10
767 5 10
767 15 10
767 19 9
767 8 2
768 25 89
768 3 89
768 4 89
768 18 20
768 12 89
768 5 20
768 31 0
768 8 20
768 9 89
768 24 89
769 2 99
769 3 14
769 12 97
769 41 98
769 5 99
769 15 57
769 42 99
769 8 97
769 16 99
769 9 99
770 37 31
770 2 60
770 3 60
770 68 61
770 41 56
770 15 60
770 6 60
770 43 60
770 8 35
770 16 35
771 72 13
771 2 13
771 29 99
771 15 81
771 19 13
771 8 13
771 16 13
771 9 13
771 30 13
771 24 12
772 44 18
772 0 0
772 3 20
772 4 0
772 28 21
772 29 20
772 41 19
772 5 0
772 42 20
772 8 19
773 22 32
773 1 30
773 26 32
773 3 32
773 18 32
773 12 91
773 15 32
773 43 91
773 8 91
773 16 32
774 2 34
774 3 33
774 29 33
774 14 33
774 5 33
774 6 33
774 7 33
774 31 34
774 8 94
774 30 33
775 22 2
775 83 9
775 3 9
775 4 2
775 29 2
775 12 93
775 5 2
775 6 9
775 8 98
775 30 98
776 21 98
776 44 98
776 1 13
776 29 2
776 40 98
776 11 9
776 13 2
776 5 2
776 19 21
776 9 9
777 21 3
777 0 41
777 26 3
777 3 3
777 12 3
777 23 3
777 5 3
777 6 3
777 8 97
777 9 3
778 0 7
778 10 7
778 3 7
778 33 2
778 18 7
778 13 7
778 41 9
778 5 7
778 15 7
778 8 7
779 29 17
779 88 33
779 18 32
779 11 33
779 14 33
779 5 33
779 6 0
779 8 92
779 56 33
779 30 33
780 21 0
780 72 0
780 3 16
780 34 0
780 12 0
780 23 0
780 67 0
780 8 16
780 16 0
780 9 0
781 3 68
781 28 56
781 29 99
781 17 56
781 18 68
781 11 67
781 12 65
781 8 56
781 16 99
781 9 65
782 0 9
782 37 41
782 3 9
782 11 9
782 14 9
782 19 14
782 6 88
782 8 3
782 16 9
782 9 9
783 21 97
783 3 81
783 29 99
783 11 33
783 34 33
783 15 81
783 19 32
783 16 99
783 85 99
783 9 81
784 87 24
784 2 23
784 11 25
784 12 17
784 13 23
784 23 23
784 6 24
784 42 23
784 8 24
784 9 15
785 0 9
785 22 9
785 3 9
785 33 9
785 11 9
785 5 9
785 6 9
785 8 2
785 30 9
785 82 9
786 86 5
786 22 3
786 3 3
786 39 3
786 13 3
786 5 7
786 19 4
786 7 9
786 8 3
786 9 7
787 0 55
787 2 55
787 3 40
787 29 40
787 5 40
787 19 56
787 7 97
787 8 97
787 30 40
787 24 55
788 2 59
788 3 58
788 28 93
788 18 58
788 11 59
788 34 30
788 12 59
788 5 59
788 19 30
788 9 58
789 2 99
789 3 9
789 28 93
789 18 9
789 15 9
789 6 0
789 8 97
789 20 9
789 9 9
789 24 99
790 2 41
790 3 41
790 28 41
790 18 41
790 11 41
790 34 41
790 12 41
790 5 99
790 19 46
790 9 41
791 10 32
791 3 40
791 28 32
791 11 33
791 12 40
791 13 33
791 5 40
791 15 40
791 8 40
791 9 40
792 3 9
792 29 9
792 17 9
792 11 9
792 15 9
792 7 9
792 79 9
792 42 9
792 8 9
792 16 9
793 3 31
793 28 32
793 29 35
793 11 35
793 5 35
793 42 35
793 8 94
793 32 99
793 9 35
793 30 35
794 25 9
794 29 9
794 18 9
794 11 9
794 13 9
794 5 9
794 6 9
794 16 9
794 9 9
794 30 9
795 21 24
795 50 24
795 3 24
795 18 25
795 41 24
795 5 24
795 15 23
795 8 24
795 32 24
795 9 24
796 3 57
796 28 57
796 29 32
796 11 47
796 5 32
796 42 32
796 8 57
796 32 58
796 9 32
796 30 58
797 3 88
797 28 41
797 18 9
797 11 88
797 13 88
797 5 9
797 15 9
797 42 9
797 8 94
797 32 41
798 0 9
798 3 19
798 4 52
798 29 9
798 5 9
798 31 74
798 8 97
798 30 54
798 45 74
798 66 17
799 21 58
799 0 58
799 3 21
799 18 58
799 11 58
799 13 58
799 5 59
799 42 58
799 8 56
799 16 99
800 87 59
800 2 58
800 11 58
800 12 59
800 13 59
800 23 59
800 6 59
800 42 59
800 8 59
800 9 58
801 29 91
801 40 92
801 36 91
801 41 16
801 5 91
801 15 99
801 43 9
801 8 94
801 16 99
801 9 91
802 21 97
802 25 99
802 3 32
802 17 53
802 19 32
802 6 33
802 42 53
802 8 97
802 16 99
802 56 99
803 0 17
803 3 88
803 11 23
803 23 99
803 5 84
803 6 41
803 7 2
803 8 97
803 16 99
803 54 99
804 37 99
804 2 53
804 29 19
804 18 84
804 41 2
804 19 51
804 7 51
804 42 84
804 43 51
804 8 97
805 2 10
805 3 76
805 12 33
805 41 10
805 5 10
805 15 10
805 42 10
805 8 91
805 16 32
805 9 10
806 50 49
806 29 49
806 34 46
806 41 49
806 19 46
806 8 46
806 16 46
806 32 49
806 9 49
806 30 49
807 21 43
807 3 50
807 18 43
807 41 48
807 15 43
807 6 46
807 43 48
807 8 48
807 9 43
807 54 42
808 0 9
808 3 12
808 29 9
808 18 12
808 5 12
808 8 3
808 16 12
808 30 12
808 24 12
808 35 12
809 10 56
809 13 66
809 41 65
809 5 66
809 19 56
809 42 66
809 43 65
809 8 97
809 16 99
809 32 65
810 28 9
810 29 9
810 23 9
810 5 9
810 7 2
810 8 17
810 16 9
810 32 9
810 53 9
810 30 21
811 21 9
811 3 9
811 39 9
811 11 9
811 34 9
811 12 9
811 14 9
811 31 9
811 8 9
811 16 3
812 3 3
812 29 3
812 18 3
812 13 3
812 23 3
812 41 3
812 5 3
812 8 3
812 16 3
812 24 3
813 55 41
813 28 41
813 29 99
813 5 99
813 6 41
813 7 41
813 31 16
813 8 94
813 16 99
813 9 41
814 22 22
814 37 23
814 3 23
814 60 23
814 19 22
814 42 22
814 8 22
814 16 22
814 9 22
814 24 23
815 0 33
815 11 33
815 14 2
815 5 2
815 6 33
815 8 97
815 16 93
815 9 2
815 30 33
815 24 99
816 29 4
816 18 4
816 11 6
816 13 3
816 5 4
816 15 4
816 6 2
816 8 3
816 52 4
816 32 3
817 37 32
817 2 16
817 29 32
817 18 15
817 41 32
817 19 32
817 7 32
817 42 0
817 43 32
817 8 32
818 4 33
818 29 32
818 18 32
818 57 32
818 41 32
818 14 32
818 5 33
818 8 32
818 16 33
818 9 33
819 86 32
819 22 32
819 3 33
819 39 32
819 13 33
819 5 33
819 19 33
819 7 33
819 8 33
819 9 33
820 10 21
820 29 1
820 64 21
820 12 21
820 13 21
820 19 21
820 42 21
820 43 21
820 8 19
820 9 21
821 25 33
821 3 33
821 4 33
821 18 33
821 12 33
821 5 33
821 31 33
821 8 33
821 9 33
821 24 33
822 3 33
822 29 20
822 18 74
822 13 20
822 5 20
822 19 33
822 6 19
822 42 74
822 67 32
822 9 33
823 72 59
823 37 99
823 26 58
823 29 59
823 5 59
823 6 59
823 43 59
823 8 56
823 16 59
823 30 58
824 3 9
824 29 9
824 81 9
824 11 9
824 48 99
824 5 9
824 42 9
824 8 3
824 30 2
824 35 99
825 44 22
825 72 23
825 26 0
825 3 0
825 29 1
825 5 1
825 8 0
825 9 0
825 30 25
825 24 0
826 72 3
826 10 9
826 26 9
826 33 9
826 29 9
826 18 9
826 41 41
826 43 9
826 8 97
826 16 99
827 72 23
827 0 88
827 38 88
827 23 88
827 5 88
827 42 41
827 43 88
827 8 88
827 56 88
827 9 88
828 26 89
828 3 89
828 18 89
828 12 89
828 23 89
828 14 69
828 15 89
828 7 89
828 8 89
828 9 89
829 44 30
829 0 34
829 37 32
829 26 30
829 2 48
829 18 32
829 5 33
829 15 33
829 7 33
829 8 32
830 3 49
830 4 49
830 36 46
830 13 49
830 6 49
830 42 40
830 31 49
830 8 97
830 32 49
830 30 49
831 86 30
831 22 30
831 3 30
831 39 30
831 13 30
831 5 32
831 19 30
831 7 30
831 8 30
831 9 32
832 10 21
832 29 9
832 12 3
832 23 3
832 41 9
832 5 9
832 8 97
832 16 21
832 9 9
832 24 99
833 26 39
833 3 30
833 4 39
833 5 39
833 6 22
833 43 39
833 8 97
833 16 34
833 9 39
833 24 99
834 21 9
834 3 9
834 29 9
834 17 9
834 36 9
834 18 15
834 13 9
834 41 9
834 42 9
834 8 9
835 21 8
835 0 8
835 3 8
835 17 0
835 36 8
835 5 0
835 15 8
835 8 8
835 16 93
835 9 0
836 0 0
836 3 0
836 17 0
836 11 8
836 5 8
836 7 0
836 43 0
836 8 0
836 16 0
836 56 93
837 29 40
837 40 97
837 36 97
837 41 40
837 5 40
837 15 40
837 43 97
837 8 97
837 16 0
837 9 40
838 26 58
838 3 58
838 4 58
838 5 58
838 6 58
838 43 58
838 8 58
838 16 58
838 9 58
838 24 56
839 37 3
839 2 3
839 3 7
839 68 56
839 41 51
839 15 58
839 6 55
839 43 58
839 8 97
839 16 9
840 10 89
840 38 99
840 3 29
840 60 99
840 18 29
840 12 19
840 5 29
840 19 29
840 8 97
840 16 29
841 0 58
841 3 47
841 4 58
841 36 58
841 11 58
841 5 59
841 8 56
841 16 99
841 9 58
841 24 99
842 37 41
842 55 15
842 3 43
842 29 43
842 5 43
842 62 3
842 42 15
842 8 94
842 16 22
842 9 15
843 21 32
843 22 32
843 25 32
843 3 32
843 28 32
843 12 32
843 5 32
843 19 30
843 8 30
843 24 30
844 21 37
844 83 37
844 26 37
844 33 37
844 29 37
844 11 37
844 34 1
844 41 37
844 8 37
844 16 1
845 21 97
845 25 99
845 37 99
845 33 81
845 29 81
845 57 99
845 13 55
845 5 11
845 8 97
845 9 81
846 26 7
846 3 7
846 4 7
846 60 7
846 18 7
846 11 9
846 34 9
846 6 7
846 8 3
846 9 7
847 3 21
847 28 9
847 29 9
847 11 21
847 5 9
847 42 9
847 8 94
847 32 99
847 9 9
847 30 99
848 3 56
848 4 58
848 36 56
848 13 59
848 6 89
848 42 58
848 31 56
848 8 59
848 32 99
848 30 99
849 3 9
849 28 93
849 29 98
849 18 2
849 5 9
849 31 32
849 8 97
849 16 9
849 9 2
849 24 99
850 0 25
850 26 22
850 3 25
850 4 25
850 33 25
850 12 25
850 8 22
850 16 23
850 32 23
850 9 22
851 2 58
851 3 58
851 12 58
851 41 58
851 5 59
851 15 58
851 42 59
851 8 56
851 16 99
851 9 58
852 0 33
852 11 33
852 14 33
852 5 33
852 6 33
852 8 33
852 16 99
852 9 33
852 30 33
852 24 99
853 3 33
853 33 33
853 60 33
853 36 33
853 11 33
853 5 33
853 19 32
853 8 32
853 16 32
853 9 33
854 0 17
854 37 13
854 3 33
854 11 33
854 14 93
854 19 33
854 6 33
854 8 33
854 16 91
854 9 33
855 51 9
855 3 9
855 48 95
855 5 9
855 15 9
855 19 2
855 6 9
855 8 97
855 16 2
855 45 2
856 44 33
856 10 30
856 3 32
856 18 33
856 11 34
856 5 33
856 19 33
856 76 33
856 30 33
856 24 32
857 1 58
857 3 32
857 29 40
857 18 40
857 11 32
857 13 32
857 5 40
857 42 40
857 31 58
857 8 32
858 17 32
858 18 40
858 12 91
858 5 32
858 15 40
858 19 33
858 6 32
858 8 40
858 20 32
858 9 40
859 21 56
859 83 56
859 26 67
859 33 56
859 29 99
859 11 67
859 34 67
859 41 51
859 8 56
859 16 99
860 3 32
860 11 32
860 13 30
860 5 32
860 15 32
860 19 56
860 42 32
860 31 30
860 8 96
860 16 30
861 10 0
861 18 9
861 12 0
861 41 9
861 15 9
861 19 9
861 79 8
861 8 0
861 16 0
861 9 9
862 3 0
862 29 1
862 17 8
862 11 8
862 41 8
862 5 8
862 42 8
862 8 0
862 16 0
862 20 0
863 44 7
863 3 7
863 33 7
863 18 9
863 5 9
863 42 9
863 8 3
863 56 2
863 30 2
863 24 7
864 3 7
864 11 8
864 13 7
864 5 7
864 15 7
864 19 3
864 42 7
864 31 7
864 8 3
864 16 9
865 0 34
865 3 33
865 13 34
865 5 11
865 19 30
865 6 32
865 42 79
865 8 91
865 9 79
865 30 33
866 21 32
866 25 32
866 37 32
866 33 32
866 29 32
866 57 32
866 13 32
866 5 32
866 8 32
866 9 32
867 22 57
867 83 59
867 3 57
867 4 58
867 29 59
867 12 59
867 5 59
867 6 59
867 8 56
867 30 58
868 73 12
868 55 97
868 3 97
868 29 97
868 11 95
868 41 96
868 5 97
868 15 97
868 8 97
868 16 93
869 4 0
869 29 0
869 18 2
869 57 13
869 41 17
869 14 10
869 5 10
869 8 91
869 16 0
869 9 10
870 0 0
870 3 0
870 28 8
870 29 8
870 36 8
870 18 0
870 15 8
870 19 8
870 20 0
870 9 0
871 0 88
871 3 88
871 29 89
871 18 89
871 5 89
871 8 97
871 16 89
871 30 88
871 24 89
871 35 99
872 72 22
872 2 23
872 29 25
872 15 23
872 19 23
872 8 22
872 16 23
872 9 23
872 30 22
872 24 23
873 21 33
873 10 33
873 26 33
873 3 32
873 12 33
873 41 35
873 5 33
873 15 33
873 8 33
873 16 34
874 29 2
874 88 96
874 18 26
874 11 25
874 14 91
874 5 24
874 6 91
874 8 97
874 56 24
874 30 24
875 38 92
875 2 92
875 3 92
875 29 92
875 18 92
875 5 92
875 19 17
875 6 92
875 8 92
875 20 92
876 21 99
876 26 30
876 2 99
876 3 32
876 39 58
876 12 55
876 13 32
876 23 99
876 16 99
876 30 33
877 0 74
877 37 93
877 2 74
877 4 74
877 29 74
877 18 74
877 16 69
877 9 74
877 30 74
877 24 84
878 21 55
878 50 59
878 3 57
878 39 58
878 64 58
878 12 59
878 23 59
878 5 59
878 19 59
878 8 59
879 3 89
879 28 91
879 29 89
879 17 89
879 18 89
879 11 89
879 12 89
879 8 89
879 16 89
879 9 89
880 21 37
880 0 37
880 55 10
880 3 37
880 29 10
880 5 10
880 15 10
880 6 37
880 8 37
880 16 99
881 10 35
881 22 32
881 37 17
881 18 4
881 41 14
881 5 35
881 15 1
881 8 91
881 20 91
881 24 35
882 3 21
882 29 99
882 17 21
882 11 21
882 15 41
882 7 2
882 79 99
882 42 41
882 8 97
882 16 9
883 0 24
883 1 99
883 2 23
883 3 26
883 33 22
883 29 26
883 40 24
883 12 24
883 5 22
883 8 22
884 26 23
884 3 23
884 18 28
884 12 22
884 23 22
884 14 23
884 15 28
884 7 23
884 8 22
884 9 22
885 21 56
885 10 56
885 37 99
885 26 65
885 12 56
885 13 67
885 23 56
885 19 56
885 16 99
885 30 65
886 46 30
886 25 32
886 2 34
886 3 88
886 29 17
886 40 32
886 18 15
886 13 34
886 5 17
886 8 97
887 3 88
887 33 41
887 60 99
887 36 56
887 11 41
887 5 99
887 19 41
887 8 94
887 16 99
887 9 41
888 21 41
888 25 41
888 2 41
888 3 19
888 12 41
888 5 99
888 42 41
888 8 94
888 16 99
888 9 41
889 4 21
889 28 41
889 11 21
889 14 41
889 5 99
889 15 41
889 31 16
889 8 97
889 16 88
889 32 41
890 3 19
890 29 17
890 18 99
890 13 55
890 23 99
890 41 55
890 5 99
890 8 97
890 16 99
890 24 99
891 0 20
891 26 20
891 3 19
891 33 19
891 29 14
891 18 20
891 80 19
891 14 17
891 5 14
891 62 16
892 21 41
892 33 88
892 18 41
892 12 41
892 5 99
892 42 41
892 8 97
892 16 99
892 9 41
892 24 88
893 10 35
893 3 35
893 28 24
893 11 24
893 12 24
893 13 35
893 5 24
893 15 24
893 8 92
893 9 24
894 21 99
894 10 68
894 26 68
894 3 68
894 12 71
894 41 56
894 5 67
894 15 56
894 8 56
894 16 99
